366.315
283.5958
237.89224
160.63028
118.47015
77.23518
150.19237
99.33464
64.192665
101.714
48.411045
55.960262
24.47272
53.034058
51.219543
33.971653
49.65876
39.75531
36.643524
15.709432
20.507072
38.680782
24.323597
8.768545
11.906684
14.5435095
13.996828
7.7068768
6.5377045
7.156096
13.115504
5.910035
6.5082517
10.874686
6.1530113
7.026984
2.214194
5.9518685
9.933371
3.941678
4.0351973
3.6057718
4.5501146
3.7121618
3.9603825
7.129904
2.9917257
3.271734
2.3880136
2.434249
3.2992406
3.681095
2.4481273
2.4451184
1.6493115
1.7217275
2.3927152
1.9041953
1.3067013
2.7539058
1.5038793
0.7384428
1.3569661
1.5190239
1.8761562
1.18071
1.4292628
1.4755584
1.2838705
0.8641289
1.0530668
0.60350525
0.44906786
1.2019753
1.223713
0.868775
0.67620605
0.5533455
0.8187462
0.9453295
0.7527181
0.76709104
1.1780225
0.65241843
0.49522236
0.4751249
0.6003369
0.13243625
0.37103215
0.50068057
0.13006358
0.70063174
0.7134554
0.33945203
0.393563
0.5568765
0.14856192
0.10034285
0.33917275
0.35132465
0.1680139
0.14789079
0.14395253
0.07822769
0.6438346
0.117488846
0.3596003
0.084372096
0.132753
0.1322243
0.055703655
0.019041875
0.045752876
0.04287086
0.031839244
0.16132973
0.2075677
0.021755772
0.22844526
0.031118456
0.05062303
0.18721561
0.15355936
0.15660076
0.13045534
0.10909136
0.036263138
0.028082281
0.012517746
0.106800854
0.0221548
0.15256517
0.01802968
0.22165303
0.011089293
0.019902276
0.039628953
0.06583174
0.0009861913
0.011949926
0.046836473
0.04997378
-0.0043065925
0.0074346154
0.014306625
0.011185656
0.034854222
0.008157053
0.011495003
0.07309867
0.012258176
0.13812163
-0.017251331
0.05001693
0.0016036356
0.006580594
0.011429942
-0.0036680764
0.061827257
0.016758773
0.06293409
0.26188782
0.0132286195
0.0038286548
0.033507973
0.021043258
0.0021079464
0.02046026
0.00768702
0.07615721
0.00056224916
0.0748043
0.01499341
0.0063000876
0.0030416967
0.0045019155
-0.0006268232
0.016542507
-0.0063303118
0.030222999
-9.205686e-05
0.00018314195
0.08651884
0.011147727
0.017835584
0.006846606
0.025094265
0.014454895
0.002504568
-3.3297623e-05
-0.00017664373
0.0003078772
0.014809381
0.005379455
0.00034104922
-0.001176973
0.0056815273
0.05353468
0.000533467
-6.4577544e-06
3.363315e-05
0.000263566
0.0035389832
0.0006204938
0.00219119
0.024094518
0.09189878
0.005859059
0.002864451
0.0003356785
0.033384863
0.0053532664
0.0023021612
-0.0062072864
0.0005983746
0.0020017636
0.007462288
0.043235045
0.019687379
0.013684643
0.023377705
0.004106208
0.0065769074
0.0014800375
0.07630222
0.0072917566
0.0014210453
0.017501587
2.6338232e-05
0.050054528
-9.632975e-05
0.00073634414
-0.0008811655
0.00020177462
0.014313638
0.008591018
0.018815909
0.08843796
0.00021863842
0.030597681
5.1506063e-06
-0.00041114946
0.005847961
1.4662308e-05
0.03022963
0.029501315
0.0046527465
0.00020169964
0.014784858
0.0006531781
0.0005015141
0.000102698745
-0.0007377742
0.00016431724
0.0007497071
0.0074895937
9.7789074e-05
0.00016468101
0.000483344
0.049274437
-0.00022546203
0.017781353
0.040430903
1.6265245e-06
0.023697615
0.00020180296
1.9603017e-07
2.2830129e-05
4.5908237e-06
0.008467438
0.012974483
0.00072811363
0.021574069
0.00038023957
0.0035808021
7.902458e-08
0.00020498982
5.3329494e-08
0.001195527
0.0016025036
-7.620086e-06
-8.174017e-06
-4.4368964e-05
-0.0007040461
0.00011733126
9.08918e-05
0.0027679077
0.0024596206
0.0071597137
2.1205062e-05
1.1021148e-05
-1.5585966e-06
-1.8348963e-05
-5.995163e-08
0.056260973
0.0060767145
0.0001249443
-0.00043686357
0.0054279016
3.127464e-05
-3.159493e-05
-3.8728913e-07
3.7709594e-06
8.298731e-05
0.02470002
0.00021890468
0.0002132886
1.35611e-05
0.0
0.0
3.851009e-05
-0.00086780154
5.6673663e-05
0.0005846896
-0.00010335598
0.00012630215
2.1957245e-05
0.0010450361
0.00083441037
-9.129215e-10
-5.6487877e-09
0.0070636896
0.0009989669
-4.1364772e-05
0.0001841137
7.39947e-05
0.00039685104
2.4829749e-08
0.01127753
-4.922696e-05
0.0049589803
7.2980865e-06
-0.0006644139
1.5106984e-08
8.824904e-05
0.00029198837
-0.00064292335
-0.001335753
-9.1734946e-05
2.3582414e-05
6.190689e-05
0.0006065442
0.0041588913
0.00062302663
0.013855432
1.2230781e-05
5.160321e-05
2.2614865e-06
-7.1542613e-06
-3.9427778e-06
5.092283e-05
9.335832e-07
0.0069441916
0.0
0.00013205339
1.8717577e-05
0.0011500467
0.0006731303
-0.00021709697
0.0044933097
1.943766e-07
0.0
0.00025185363
-8.903229e-05
0.002552915
0.00034853665
9.785012e-06
0.004218687
0.021886889
3.6263048e-09
3.7805278e-06
-0.00035757656
0.00012849107
4.089374e-05
0.0
5.6525782e-06
3.8112202e-07
6.0475413e-05
-6.8714775e-07
0.00012886942
1.3760833e-06
0.0025018817
-2.2348948e-07
3.139977e-05
1.4059332e-06
2.0176044e-06
5.7424266e-05
1.0374022e-06
1.0427918e-05
0.0011041799
0.00033707218
-0.00071596954
1.9329298e-06
0.0022043649
0.00096869585
0.0010984867
0.00051936187
1.3691088e-06
0.009107457
6.3389445e-05
0.034915492
1.5635442e-05
0.0
8.397619e-06
0.0005456336
-0.00026385323
4.207898e-06
5.5707246e-06
0.00073089247
0.0
3.0964465e-08
0.008256706
4.149652e-07
0.00026914192
0.0025992303
0.0035971848
0.00028493808
7.88632e-06
0.012698628
-0.00019359872
2.2170283e-05
8.020848e-05
-1.5815733e-08
0.00019166703
0.00046219886
2.959133e-06
0.00011163659
1.6721359e-06
0.00018635068
3.8406583e-06
0.016856698
-5.693042e-05
0.0009914997
1.3508733e-06
8.709049e-05
0.0006461677
3.6521933e-06
3.7469945e-05
1.9431639e-07
0.00024591252
-2.51544e-06
-7.199396e-08
0.012702007
1.2962615e-05
0.012131537
1.5780826e-05
0.0007262448
0.0
0.00069465267
0.00068045146
0.0011819715
0.0
0.0
0.0041300957
5.2434953e-06
0.007746161
2.7030447e-07
5.2940334e-07
0.00011675418
2.6904795e-06
-0.0007599374
0.0008629931
1.7140203e-05
3.2612777e-05
0.033414993
-3.2305405e-08
1.2021584e-06
1.530077e-05
-3.6147952e-08
0.0011782675
2.2711116e-05
9.926574e-07
6.0657494e-05
0.00040942416
0.000106548454
0.0
0.0
0.0
-6.00875e-07
8.9245095e-06
4.7263237e-07
2.6920605e-05
9.444717e-05
2.5553222e-06
0.00020468154
5.9291637e-05
1.3427967e-06
0.0006074771
-4.8438193e-05
-9.172349e-07
0.0
0.0022030296
0.002135535
0.0
2.6410797e-05
-0.000107205036
3.0384705e-08
-1.884295e-07
0.028967703
-2.5397655e-06
3.3514507e-06
0.0010777405
0.00420221
4.18058e-06
0.011544047
1.2759461e-06
4.350213e-05
0.00028699238
7.902995e-06
0.0
0.0
0.0012651077
0.0
1.2029667e-06
-8.9305695e-06
0.0
-3.1279153e-06
1.6727061e-05
0.00015025586
1.2777144e-05
0.00084032805
-6.285809e-08
0.0
-3.9354156e-05
0.00079150527
0.0047781677
0.0014244921
-8.452156e-06
-4.7257646e-07
8.822798e-07
0.002552455
0.0003648724
0.0
0.00015864617
0.0
-0.0007905926
0.025188379
0.0001513888
0.0
0.0001616422
0.0
0.00074633496
0.00015484635
0.0005429239
1.0309203e-06
0.0006877324
0.0015138985
0.00016380202
4.266032e-05
-1.745632e-05
0.0
4.419669e-05
-0.00010652325
-0.00063433545
0.0
0.0043833605
8.078956e-06
-0.00022641273
0.0
3.8487167e-07
1.8032948e-05
7.056986e-05
0.00010891712
0.0
5.030179e-07
0.0014895498
5.9448783e-05
-4.8510165e-06
0.0004579781
0.00014729555
-1.8818862e-07
0.0
6.031096e-06
0.00042547513
0.0
0.00011335982
8.384102e-08
0.0
0.0
0.0
0.0020130991
-5.3658214e-06
2.940052e-06
-2.0835637e-06
0.0
-3.083104e-05
7.2330563e-06
0.0
-2.181977e-07
0.0
9.5455025e-06
-4.0332026e-08
0.0
0.00018358388
0.0
0.00027930998
2.5732406e-05
0.0
1.9249454e-05
-2.8232297e-09
0.0
-1.8316541e-05
0.0
0.0
0.00029279126
0.0
2.3081197e-06
-6.8184494e-07
0.0
0.0
0.0023999256
-3.867845e-06
-4.8250957e-05
0.0019250301
-0.00043752088
1.7509072e-05
0.00601934
2.6776466e-05
0.0
9.810608e-06
0.0002696543
-0.0015988047
3.0338872e-05
0.00016620003
0.00029512917
0.0
5.086654e-08
0.0
0.00506356
1.9186058e-07
0.0
1.8723626e-05
-3.756089e-09
6.178307e-07
-8.9821555e-08
0.0
-6.1990926e-05
-3.682509e-08
1.7097902e-05
2.344194e-06
4.051402e-06
1.7279815e-06
0.00011922061
0.0
-4.6529813e-06
0.0
8.758151e-06
0.0
0.021708773
9.859432e-06
0.0011114648
0.0
-5.5571434e-07
-1.3677183e-07
1.9544384e-06
0.00012862725
5.5690038e-05
0.004049869
0.007301718
0.0
1.0475038e-06
0.0
-2.801188e-08
-3.1997732e-08
6.443867e-05
4.003331e-06
0.00031192176
3.8595267e-06
-3.6299192e-05
8.748922e-06
0.0
8.756524e-09
0.0
0.00029698343
5.3285927e-05
0.0006708535
0.0
0.00023419394
0.0
0.0
0.00026038286
0.0
3.357417e-05
0.0
1.6853422e-05
2.2383741e-05
0.0
-1.2306482e-05
0.0
0.0
0.0
8.839808e-07
0.0
9.257864e-06
0.0
-8.5516797e-07
0.0
1.9926125e-05
0.0
9.765569e-09
-3.857087e-07
1.1409497e-09
5.964881e-06
-1.5965366e-05
0.0
0.0
0.03846087
0.0008589198
-0.007823677
-0.0004159404
2.9386745e-06
1.5071908e-05
1.1287013e-06
0.000123022
2.11517e-06
-6.139692e-08
4.767001e-05
0.000115668205
-1.781974e-05
-9.544459e-07
0.001853141
1.8861043e-05
0.0
1.755976e-07
-5.876651e-05
0.0011379351
-1.7904762e-08
-0.00025449766
1.0423208e-05
1.6480619e-05
-1.4503568e-05
0.0018338801
0.0
-1.1564086e-07
0.026160248
0.020408157
0.0
3.5719702e-05
0.002123611
0.00035930306
0.0
0.0
1.0077551e-05
0.0
1.7323998e-06
0.0
4.841299e-07
4.1550866e-10
0.0
-2.1683232e-07
3.617047e-05
0.0
0.0
8.889469e-06
-5.2260894e-08
0.0
0.00037302135
7.1684445e-09
-3.7957661e-06
2.0069096e-05
0.0
0.0
3.6445286e-07
4.167562e-08
0.0004458712
3.9008783e-06
5.020151e-05
0.0
0.00015501922
0.0
-2.993313e-09
-2.8612498e-05
0.0
0.00060172245
-0.0001301612
7.1602226e-06
2.383061e-06
0.0
2.0389548e-07
0.0
5.1546736e-05
0.0
0.0
0.0
0.0
0.001276272
0.0
-2.7020963e-07
-1.8269267e-06
0.059423488
-1.4296411e-05
0.0
3.1533805e-06
0.00013547814
-1.2986213e-13
1.3158486e-05
2.1233764e-05
0.00020446119
6.5786035e-06
-1.9672307e-05
-6.9750754e-06
0.0028446948
0.0
6.1488636e-06
0.0
2.5639358e-05
2.22501e-05
-1.2758764e-07
0.0
0.0
0.0
0.0
0.0
7.415682e-06
2.4747735e-06
-5.027435e-05
0.000753357
0.0
-3.844113e-05
8.587767e-06
0.00025916175
0.0
0.0076027326
0.004665979
0.0
4.9722807e-05
0.0
0.0
-1.07321e-05
0.0
0.0
2.3263217e-06
0.00020313349
0.0051101446
-6.48277e-08
3.6613244e-05
1.8567263e-07
1.3031675e-07
-6.5851564e-05
0.0
0.0
-1.5756652e-05
0.0
0.0011551626
0.0002602578
-5.9238283e-07
-8.8282955e-05
4.4615e-06
-0.00015740833
7.2961103e-07
0.0
1.1517416e-07
-1.2847876e-06
4.924833e-08
0.0
3.5200577e-05
-6.045253e-07
-3.1913106e-07
0.0
0.0
4.2832427e-05
2.0347914e-05
4.4586264e-05
0.0
-0.00024991282
1.7977116e-05
4.656494e-06
0.0017804529
-1.1491723e-07
0.0
0.0005179252
2.0614301e-05
0.0
0.0007044246
-8.232222e-06
-1.8326698e-06
3.459635e-05
0.0
7.627062e-05
5.3081025e-05
-2.732861e-07
0.0
6.705621e-08
0.0
-8.115874e-11
7.7011293e-07
1.1442715e-08
0.00024450306
0.0
0.0
1.0822052e-07
-0.00010935867
0.0
2.9571316e-05
3.8882797e-07
0.0
7.819147e-07
0.0011282597
0.0
4.3201173e-05
0.0067161974
0.0007704906
-1.0559012e-06
1.1400084e-06
0.0
0.0
0.0002879619
-0.00032391664
-4.5659185e-06
0.005238189
0.0
0.0
-3.2702737e-05
0.0
0.0
0.0
0.0
0.0
7.7520923e-07
1.3927206e-05
0.0
0.0
0.0
5.8705937e-05
0.0027322145
0.0
4.3155438e-07
0.0
3.3775603e-07
0.0
-8.52903e-05
0.0
2.0240666e-06
-2.4349235e-06
0.0
0.0
1.1833768e-06
0.0
2.018152e-08
0.0
0.0010469335
-1.2179315e-06
0.0
-5.307913e-05
0.027402434
0.0001627799
3.6790425e-05
0.0
0.0
0.0
0.0
-2.1958325e-05
3.845564e-05
0.0
0.0
0.0
0.0003878157
0.0
2.1285958e-07
0.0010449704
1.7539838e-06
8.356188e-06
3.5449986e-05
0.0
0.0
0.0
0.0
1.377352e-09
1.0406587e-05
0.00096575386
8.163966e-06
0.0
0.000103342805
0.0
-2.6469246e-07
0.00044137365
0.0
5.739862e-07
0.009114549
0.0
3.3007836e-05
0.0
-0.00052106363
-1.555083e-07
4.918935e-06
0.0
0.0
-6.2632296e-08
0.0
-0.000106600084
2.296979e-07
0.00011112115
2.9995963e-05
0.0
2.3430324e-09
-3.174797e-05
0.00030981246
0.00021573054
0.0
6.1647697e-06
1.167442e-06
0.0
0.0
0.0
3.19384e-06
0.011327055
0.0
2.8790786e-05
-1.4216653e-07
0.0
0.0
-1.12657666e-07
0.00012507326
0.0
8.434914e-07
0.0
-0.00017913705
0.0
0.0
0.0
0.000109660934
9.693891e-05
0.0
8.324542e-07
0.0
0.0
4.315732e-05
7.744513e-05
0.0
0.0
-5.705383e-05
0.00015216025
0.0
0.0
1.3432477e-05
0.0
0.0
0.0
-2.0475733e-05
0.0
-1.8566229e-07
0.0
1.6859364e-06
0.0
-5.8890983e-08
-2.1503065e-06
6.57644e-06
-5.7762105e-07
9.465012e-07
1.911544e-06
0.0
0.0
0.0008227964
-4.2044385e-06
0.0
-6.129685e-06
-5.312573e-06
1.7989611e-06
5.7337033e-08
3.538238e-05
0.0
0.0
0.0
-2.813625e-08
-5.1604705e-08
2.0858187e-07
0.0
0.0
0.0
0.0
0.0
0.0
0.0
3.3942102e-05
-1.1269888e-06
0.0
0.0
0.0
-2.136426e-06
-2.4153682e-08
0.0
0.0
0.0
-2.3172133e-09
0.0
0.0
7.1231654e-05
0.0
0.0
0.0
-1.6162234e-08
0.0
8.871246e-08
0.0007560524
0.0
-2.3182745e-05
-4.3147557e-09
0.0
0.0
3.3830677e-08
8.406443e-06
8.0065684e-07
0.0
0.0
4.6880914e-06
0.0
7.1134627e-06
0.0
5.047173e-07
0.0
0.0013750555
0.0
0.00010610832
-1.1664896e-08
0.0
2.372495e-08
4.324009e-08
1.0928458e-08
-4.862017e-05
0.0
-1.3519338e-05
0.0
0.0
-8.928788e-06
0.0
0.0
3.5542562e-06
0.0
9.94147e-06
0.0
0.0
0.0
0.0
0.0
-3.3148872e-08
5.9090435e-05
3.064569e-08
-2.650736e-07
0.0
-3.1440695e-08
0.0
-1.3417078e-06
2.6469923e-05
-1.1883641e-05
7.149263e-05
0.0
0.00021172014
0.0
-3.8400376e-06
0.0
4.644045e-06
0.0
2.9731643e-06
6.69581e-06
5.023019e-05
0.0
0.0
0.0
-1.808022e-05
4.771509e-05
3.048596e-06
0.0005771373
0.0
0.0
0.0
0.0
0.0
-1.6846225e-06
7.5866275e-08
-1.8628682e-05
0.0
3.5898518e-06
-4.7333513e-05
0.0
0.0
1.664603e-05
0.00342213
0.0
0.0
3.861365e-05
0.00014051738
0.0
0.0
0.0
6.5939014e-07
0.00023233278
0.0
0.0
0.0
0.0
0.0001241486
0.00079897844
5.0638162e-05
-7.1548143e-06
-9.357173e-07
3.6961086e-05
0.003179233
-0.00011758951
-1.950623e-06
4.2694544e-05
0.0
0.005920236
3.0255694e-06
0.0
1.001604e-05
0.0
0.0
1.5580803e-05
-1.9429648e-05
0.0010183589
0.00016710258
0.0019547588
-1.4268781e-07
1.3515953e-05
0.0
0.0
0.0
0.0
0.0
0.0
0.0
4.082194e-06
0.0
0.0
0.0
7.553169e-05
0.0
0.0
7.652904e-10
4.0996296e-05
0.0
-1.6255057e-06
0.0
2.3650851e-05
0.0
5.0612757e-06
1.854936e-07
0.0
6.9188325e-05
-2.1424142e-08
0.0
-2.3569322e-05
4.0177038e-06
0.0
0.0
0.0
0.0
-1.4822158e-08
1.9894331e-07
0.0
-7.900502e-05
0.0
0.0
0.0
4.759931e-06
0.0
2.215135e-05
7.653984e-06
4.243334e-05
5.9845483e-05
-5.9964823e-05
0.0
0.0
7.876558e-05
0.00013680094
0.0
0.0011774721
0.0
1.3851525e-05
0.0
0.0
0.0
3.09348e-06
0.0
-2.2841936e-05
0.0
7.609345e-07
3.8518564e-07
0.0010828754
7.252751e-07
0.0
3.9554084e-07
0.0
0.0
0.0
-1.9788867e-08
-2.7740032e-06
2.7820266e-05
2.226314e-06
0.0
2.1075712e-06
-7.4589356e-05
0.0
1.0968424e-05
0.0
1.3821777e-06
0.0
2.2254724e-06
-5.8050737e-06
0.0
0.0
0.0
8.639562e-05
3.7178748e-07
0.0
0.0
2.6629018e-06
-2.7914127e-06
-3.398502e-09
0.006444432
0.0
2.9841076e-06
0.0
-9.613173e-05
0.00025104408
0.0008288232
0.0
0.0008344568
0.0
0.003098176
-3.1870886e-06
4.045494e-08
0.0
0.0
0.0
0.0
0.0
0.0
-0.0011949338
1.2143342e-06
-3.6866006e-06
0.0
-9.830918e-05
6.030359e-06
0.0
0.0
0.0
4.0692596e-09
3.6828797e-07
0.0
0.0005750081
0.0
1.1112361e-05
1.7589749e-10
0.0008585697
0.0
0.0
9.640976e-07
0.0
0.0
0.0
0.005040003
0.0
0.0
0.0002753703
0.0
0.0
0.0
5.081511e-06
0.0
0.0
-6.5219865e-05
2.9442495e-09
-0.00022971096
1.6929807e-08
0.0009944047
0.0044671516
0.0
0.0
0.0
0.0
9.482831e-06
2.425212e-05
-4.478949e-06
0.00022186691
0.0
-6.081933e-07
0.00048642932
2.2820284e-08
0.0
2.7104225e-06
1.9998395e-05
0.0
0.0
0.0
0.0
0.0
8.465743e-05
0.00069924357
0.0
8.565261e-07
4.581554e-05
0.00010813116
-8.720508e-08
0.0
0.0
0.0013682684
0.0
0.0
1.6058573e-05
2.5646881e-05
-1.4404615e-07
-7.9365634e-07
0.0
0.0
0.0
0.0
-0.00013722651
7.423054e-06
3.003443e-07
0.0
0.0030943195
0.0
0.0
6.310512e-05
5.4869623e-05
5.130763e-07
0.0
-1.496336e-07
2.5388272e-06
0.0
0.0
7.0738963e-07
0.00026279234
0.0
5.281226e-07
0.0
0.0
0.0
0.0
0.0
0.0
4.2847834e-05
0.0
0.00011159218
0.0
0.0
0.0
0.0
0.0
9.401623e-06
0.0
-1.1801927e-06
3.7699465e-07
0.0
0.0
-9.916361e-06
7.694655e-05
-3.396916e-07
6.9071375e-06
2.3951323e-09
-8.786888e-06
-7.5794554e-07
8.519323e-06
1.8565524e-07
0.0
0.0
9.172426e-06
8.0358257e-07
-3.47211e-05
0.0
0.0
0.0
0.000103996135
0.0001124045
0.0
1.6680947e-07
0.0
-0.000120094344
0.0
0.0
7.929751e-08
0.0
2.9767804e-07
0.0
6.1325554e-06
0.0
0.0
0.0
0.0
0.0
3.0196452e-07
0.0
3.8995887e-09
0.0
0.0
0.0028343585
0.0
1.0380948e-05
0.0
0.0
1.7827736e-08
0.0
0.0010901453
0.0
0.0
0.0016159196
0.0
0.0
0.0
0.0
0.0
0.0
-6.740558e-07
0.0
8.317497e-05
0.0
1.5034571e-05
3.7521775e-05
-8.962857e-08
0.0
0.0
-2.0043901e-06
-1.270712e-07
0.0
0.0
-9.771982e-07
0.0
8.109615e-08
0.00037599803
0.00052474305
0.0
0.0
0.0
0.0
0.0005662754
0.0
0.0
0.0
0.0
6.77042e-07
0.0
0.0
-2.2692325e-06
0.0003219672
0.0
0.0
0.0
0.0
1.518384e-05
-1.038887e-08
0.0
0.0
1.3770576e-06
-1.7221377e-06
-1.9105128e-05
0.006716101
1.640136e-05
0.0014868563
1.6284125e-07
0.0
0.0025471612
0.0
3.6369436e-06
3.5757026e-08
4.0513373e-06
0.0
5.4814887e-08
-1.2219767e-06
0.0
0.0
0.0
0.0
0.0
0.0
5.2700193e-06
-6.1196808e-09
0.0
1.40427965e-05
1.1074828e-07
0.0
2.3977282e-07
-0.00032519895
0.0
4.972245e-06
-4.413365e-08
0.0
0.0
0.0
0.0
0.0
1.5574486e-05
0.0
3.1598942e-05
0.0
0.0
0.00023149724
2.4489793e-06
0.0
3.7143443e-05
-6.4869687e-06
0.0
0.0
0.0
0.0
0.004190451
2.7762903e-07
0.0
-5.451276e-08
7.3537434e-05
0.0
0.0
0.0
0.0
0.0006559316
3.6460628e-07
0.0
0.0
0.0
3.9072506e-07
6.449991e-05
0.0
0.0
0.0
0.00010256146
0.0
0.00021971724
0.0
0.0
-5.185369e-07
0.0
0.0
4.74811e-06
1.7791549e-06
0.0
0.0
3.8054387e-07
0.0
0.0
-4.3616956e-06
0.0
0.0
9.610809e-05
0.0
-5.599768e-07
0.0
0.0
1.0322547e-05
0.0
0.0
7.119902e-10
0.0
7.888952e-06
0.0
0.00020536306
0.0
-3.851636e-06
0.0
0.0
0.0036705818
0.0
0.0
0.0
3.294553e-06
0.0
0.0016977581
0.0
0.0
0.0
0.0
0.0
0.0
0.0
1.9491342e-06
0.0
-1.9074794e-06
0.0
0.0
-2.5411368e-06
0.0
0.0
0.0051901946
0.0
0.0
-1.0756119e-07
0.0
0.0
0.0
-5.1985115e-08
1.7652954e-05
0.0033675674
-2.7475947e-10
0.0
0.0
0.0
0.0
0.0
0.0
0.0
0.0
0.0
0.0
0.0
0.0
-1.0426109e-05
6.632638e-05
0.0
0.0
5.5330815e-07
2.2449403e-07
0.0
7.0947686e-07
-2.839628e-07
0.0
0.0
8.2438606e-07
2.6016503e-11
0.0
0.0
0.0
-0.00011487317
0.0
0.0
3.9027304e-06
1.7524251e-05
8.072217e-06
2.6293698e-08
0.0
-1.3234777e-06
0.0
0.0
2.935324e-05
4.628078e-07
0.0
0.0
0.0
0.0
3.809885e-06
0.00056417973
0.0
0.0
0.0
0.0
-1.0659315e-06
1.7312068e-05
0.0
9.006843e-07
0.0
0.0
0.0
0.0015147957
-6.2977326e-09
0.0
0.0
-9.6982185e-06
3.477814e-07
0.0
0.0
0.0
0.00022461129
0.0
0.0
1.8509724e-06
2.3201589e-07
0.0
1.3108279e-07
0.0
0.0
0.0
2.3052708e-06
0.0
-5.7566244e-06
0.0
0.00031777468
0.0
0.0
-5.3153094e-08
0.0
1.75883e-07
3.1994994e-06
0.0
3.418042e-07
0.0
0.0
0.0
3.8728043e-09
0.00025379218
8.191757e-08
0.0
2.7534703e-05
1.4837254e-06
0.0
0.0
1.8449791e-06
1.6535055e-06
-1.8526699e-06
6.912309e-05
8.8518784e-05
1.4759256e-05
0.00016100523
0.0
0.0
7.5955666e-07
-1.1338454e-09
0.0
3.427112e-06
-1.2145309e-08
0.0
0.0
0.0
0.0
0.0
0.0005436182
0.0
0.0
3.480451e-06
0.0
0.0
0.0
2.0264739e-05
0.0
0.0
0.0
0.0
0.0
0.0
0.0
1.3198506e-07
0.0
0.0
0.0
9.520628e-06
0.0
-4.0234823e-08
0.0
3.2169353e-06
0.0
0.0
-2.575406e-07
0.0
0.0
0.0
0.0
0.0
0.0
0.0
3.1588632e-05
0.0
0.0
6.295193e-07
0.0
0.0
0.0
0.0
-3.8907578e-07
-3.438314e-07
0.000424025
2.5829706e-07
2.7340093e-06
0.0
0.0
0.0
0.0
0.0
0.0
0.0
0.0
0.0
6.226266e-06
0.0
9.449808e-07
0.0
-1.1087521e-05
0.0
0.0
0.0
0.0
0.0
0.0
-1.605185e-09
2.0348676e-08
-1.5354463e-07
0.0
0.0
0.0
0.0
0.0015973791
0.0008582054
1.1586537e-09
0.0
6.6950884e-07
0.0
0.0
0.0
3.2134228e-06
0.0
0.0018548156
1.2101327e-05
0.0
0.0007210149
0.0
1.15049515e-05
0.0
0.0
0.0
0.0
5.3400316e-07
0.0
0.0
0.0
0.0
0.0
0.0
3.426676e-08
-1.5308311e-06
0.0
0.0
1.3390472e-07
0.0
0.0027739163
0.0
3.813767e-08
0.00010485771
0.0
0.0
-3.942649e-07
-3.6239442e-06
1.1914199e-06
0.0
0.0
3.3791272e-07
0.0
0.0
1.3837292e-06
0.0
0.0
0.0
4.706438e-08
0.0
8.6425125e-08
2.7763653e-07
-2.4686615e-06
0.0
0.00079079776
0.0
4.6236632e-06
0.0
0.0
6.326191e-07
0.0
-8.809578e-05
0.0
0.0
0.0
7.0320048e-06
0.0
0.0011971699
0.0
0.0
0.0
8.1996166e-07
1.3072527e-06
1.17631225e-05
0.0
0.0
0.00032381233
0.0
0.0
6.9975094e-06
0.0
1.0308652e-06
0.0
-1.1778543e-10
-7.4272705e-08
0.0037750355
3.4856073e-06
-1.5410953e-07
-6.0307558e-12
0.0
0.0
0.0
1.4586892e-06
0.0
0.0
-3.12713e-08
2.104995e-05
0.0
3.378384e-08
1.7954778e-06
0.0
0.0
0.0
1.9863599e-05
0.0
-6.9435316e-07
0.0
0.0
0.0
0.0
0.0
0.0
3.2699563e-06
2.4515859e-05
0.0
0.0
0.0
0.0
0.0
5.8697754e-07
1.2232746e-08
0.0
0.0
9.338056e-05
0.0
0.0
0.00015663481
2.1152357e-05
0.0
0.0
4.290738e-06
3.550861e-06
4.7509875e-06
0.0
1.4275241e-06
1.38819205e-08
0.0
0.0
2.5031417e-07
0.0
5.665354e-06
-1.8931736e-05
0.0012514051
0.0
0.0
0.0
0.0
0.0
0.0
0.00019796875
0.0
-1.9143097e-07
0.0
0.0
0.0
0.0
0.0070403335
0.0
0.0
0.0
2.0747107e-07
0.0
0.0
-2.2255597e-06
0.0
0.0
0.0
4.8407833e-09
2.1764338e-06
0.0
0.0
3.9535626e-05
0.0
7.3547454e-07
1.817603e-05
0.0
0.0
0.0
3.1344273e-06
4.9593298e-05
0.0
0.0
0.0
0.0
0.00022433886
0.0
-1.09765644e-07
0.0
0.0
-2.3826426e-07
0.0
0.0
0.0
0.0
0.0012676256
0.0
-2.6278467e-06
0.0
0.0
1.1404061e-07
0.0
0.0
0.0
0.0
0.0
-3.3520152e-08
0.0
1.5343428e-05
0.0
0.0
0.00041318065
1.2810219e-07
7.3488086e-06
0.0
0.0
0.0
0.0
2.6049086e-06
0.0
4.5350026e-07
0.0
0.0
0.0
0.0
0.0
0.0
2.657339e-06
2.0894975e-06
6.1070177e-10
0.0
0.0
9.130071e-06
0.0
0.0
0.0
0.0
0.0
0.0
0.0
0.0
2.0387462e-08
0.0
0.0
0.0
0.0
3.2791036e-08
0.0
1.0627094e-05
-0.00015708477
0.0
4.3845003e-09
0.0
0.0
0.0
0.0
0.0
0.0
0.0
0.0
1.157738e-05
3.4300636e-05
0.0
-3.622974e-07
0.0
0.0
0.0
0.0
0.0
3.0246775e-07
6.49675e-05
5.937071e-06
0.0
0.0
-4.359445e-06
0.0
1.9159019e-07
0.0
0.0
-1.4151915e-07
-9.993603e-06
-8.259847e-10
0.00043949575
-1.5659523e-08
0.0
0.0
-1.8002357e-08
0.00011506589
0.0
0.0
8.022545e-06
0.0
0.0
0.0
0.0
0.0
0.0
0.0
3.1699583e-09
0.0
0.0
0.0
3.2658406e-06
0.0
3.4645748e-07
0.0
0.0
0.0
0.0
0.0008119567
0.0
0.0
0.0
0.0
0.0
1.7882118e-07
3.792489e-07
0.0
0.0
1.8485083e-05
0.0
0.0028785088
1.2410508e-05
0.0
-8.497169e-09
0.0
0.0
0.0
0.0
1.46761e-07
0.0
0.0
-9.177562e-05
0.0
0.0
0.0005328479
0.0
2.4222254e-07
0.0
0.0010364818
5.0967647e-06
-2.0548808e-07
6.110685e-07
3.68443e-08
0.0
0.0
4.4029943e-07
5.2620498e-11
0.0
9.774015e-06
0.0
0.0
0.0
0.0
0.0
1.0260237e-09
0.0
0.0
0.0
0.0
0.0
0.0
-6.341459e-06
0.0
0.0
0.0
0.0
0.0
5.1020856e-05
3.4949548e-07
1.397595e-07
7.1583568e-06
0.0
0.0
2.0361904e-05
0.0
5.410052e-05
1.0006296e-06
0.0
0.0
0.0
-1.6886803e-07
0.0
0.0
0.0
1.9127463e-05
4.340989e-06
3.2159816e-05
0.00010520384
-6.2469796e-10
0.0
3.760746e-06
1.2443727e-06
-2.800812e-08
0.0
0.0
0.0
6.831812e-05
2.7720116e-06
-6.8011814e-06
0.0
0.0
0.0
-1.758597e-08
0.0
-1.2511914e-07
0.0
0.0
0.0
0.0
8.650796e-05
0.0
-2.6717093e-08
0.0
0.0
-4.86221e-12
0.0
0.0
-2.4184515e-06
0.0
-5.718064e-06
0.0
0.0
0.0
5.4263954e-05
0.0
0.0
0.0
0.0
-2.3711841e-08
0.0
1.8048709e-12
0.0
0.0
0.0
0.0
0.0
0.0
0.0
0.0
0.0
2.2606805e-06
-3.7732977e-07
0.0
0.0
0.0
-6.243145e-08
0.0
-3.4443506e-08
5.8918044e-07
7.476644e-07
-4.4240373e-05
5.4862717e-08
1.7648452e-05
0.0
0.0
-1.0847014e-06
0.0
5.9614266e-08
0.0
0.0
0.0
0.00019256015
0.0
0.0
-1.0172339e-05
0.0
0.0
0.0
1.7854178e-06
0.0
0.0
0.0
0.0
0.0
0.0
-1.0746781e-05
0.0
-6.574384e-07
0.0
1.3834529e-09
2.5939208e-08
0.0
0.0
0.0
0.0
0.0
6.3381167e-06
1.2317485e-08
0.0
0.0
0.0
-1.9719313e-05
0.0
0.0
0.0
0.0
0.0
0.0
9.404147e-06
0.0
0.000152395
0.0
-1.6531515e-10
0.00095050316
0.0
0.0
3.4592897e-06
-1.02728945e-05
0.0
1.431373e-05
0.0
0.0
0.0
0.0008941835
0.0017706329
-2.1333926e-10
0.0
0.0
9.623863e-09
0.0
0.0
3.4120868e-07
0.0
-2.041156e-07
0.0
0.0
0.0
0.0
0.0
0.0
0.0
0.0
0.0
0.0
1.3732786e-07
0.0
0.0
0.0
1.8159035e-07
0.0
0.0
0.0
0.0
0.0
-6.448624e-08
0.0
0.0
1.6610906e-06
6.480017e-10
0.0
8.841637e-05
0.0
6.9657224e-05
0.0
0.0
0.0
0.0
9.468491e-07
0.0
0.0
0.0
0.0
-8.0287915e-05
0.0
0.0
0.0
0.0
-4.7357125e-07
0.0
0.0
0.0
0.0
1.292966e-06
0.0
0.0
0.0
0.0
1.0939185e-07
1.5409278e-05
0.0
2.4709798e-05
0.0
2.1409605e-06
0.0
0.0
0.0
0.0026597267
0.0
-5.31184e-09
0.0
-2.792662e-06
2.5110204e-08
4.4440083e-05
0.0
0.0
0.0
0.0
0.0
0.00043598746
0.0
0.0
0.0
0.0007807768
0.0
0.0
0.0
-3.0548722e-06
0.0
0.0
0.0
0.0
0.0
2.7849275e-08
4.1669247e-07
0.0
0.0
0.0
0.0
0.0
0.0
0.0
0.0
2.8201482e-06
0.0
0.0
0.0
-5.437591e-08
2.0033212e-06
0.0
8.3880914e-05
9.401561e-05
3.0755916e-07
0.0
6.1566543e-06
0.0
0.0
0.0
0.0
5.8216754e-10
0.0
0.0
0.0
-9.914687e-08
9.800561e-06
0.0
0.0
0.0
-8.8832064e-07
0.0
0.00012166456
0.0
0.0027888177
0.000102749094
0.0
0.0
0.0
0.0
0.0
2.8805503e-05
0.0
0.0
0.0
0.0
0.0
4.2344032e-05
0.0
0.00040884837
1.0766845e-06
-1.2097996e-06
0.0
0.0
3.108264e-07
1.8005524e-06
-3.9342217e-06
0.0
-6.735626e-06
-5.0785154e-08
0.0
0.0
0.0
0.0
-1.14148555e-07
0.0
0.0
2.3270097e-06
2.413017e-06
0.0
0.0
0.0
0.0
3.1684936e-05
5.5919563e-06
-1.316437e-08
1.4076255e-05
0.0
0.0
0.0
0.0
0.0
0.0
0.0
0.0
0.0
0.0
-4.713148e-05
0.0
0.0
0.0
0.0006054863
0.0
0.0
5.0508337e-05
1.4659105e-06
0.0
0.0
4.6841834e-07
0.0
0.0
0.0
0.0
5.6361318e-05
5.478479e-09
0.0
0.0
7.926539e-06
0.0
-4.013884e-06
0.0
0.0
3.187432e-05
-1.8490678e-07
0.0
0.0006000942
0.0
0.0
-1.16768835e-08
0.0
0.0
0.0
0.0
0.0
0.0
0.0
0.0
0.0
0.0
0.0
-6.65965e-08
0.0
1.6002206e-06
0.0
0.0
3.2299562e-05
6.122628e-07
0.0
3.126796e-05
0.0
0.0
4.9725186e-05
0.0
0.0
1.5750792e-06
0.0
-2.9006649e-06
0.0
1.3210678e-05
0.0
0.0
0.0002249632
-2.5665084e-05
0.00040159884
0.0
0.0
0.0
0.0
0.0
0.0
-3.8778853e-05
0.0
0.0
0.0
-6.852578e-07
0.0
0.0
0.0
0.0
0.0
0.0
6.864603e-07
0.0
0.0
0.0004416935
0.0
-4.9640025e-09
3.0286714e-07
0.0
0.0
0.0
0.0
2.2949089e-06
0.0
0.0
0.0
-4.301465e-09
0.0
0.0
0.00046359896
0.0
0.0
0.0
0.0
1.4838777e-05
0.0
0.0
0.0
0.00023773091
0.0
0.0
0.0
0.0
0.0
0.0
0.0
0.0
0.0
0.0
0.0
0.0
0.0
-7.152525e-08
0.0
0.0
5.0975964e-06
0.0
0.0
0.0
9.812103e-08
0.0
0.0
0.0
0.0
8.622624e-06
0.0
1.7598719e-05
0.0
0.0
0.0
6.6452264e-07
1.2100522e-05
0.0
4.2916687e-05
0.0
0.0
0.0
-2.2462268e-10
0.0
-1.0642723e-06
-6.306246e-07
0.0
0.0
0.0006318019
0.0
4.9581e-08
-8.3435474e-08
0.0
0.000120555545
-8.1689615e-09
0.0
-5.952097e-06
0.0
0.0
0.0
0.0
-1.05135545e-08
0.0
-5.084814e-06
0.0
0.0
0.0
0.0
0.0
0.0
0.0
0.0
0.0
1.4701945e-08
0.0
0.0011662387
1.6292333e-05
0.0
0.0
0.0
0.0
0.0
0.0
0.0
-1.963279e-09
3.7542782e-07
0.0
0.0
0.0
1.2521424e-06
0.0
2.9159813e-07
0.0
0.0
2.8942914e-06
0.0
4.3811615e-05
0.0
0.0
-6.4396345e-06
0.0
-1.2910198e-06
0.0
0.0
3.2645933e-06
0.0
9.297792e-06
1.4330475e-06
1.6434444e-05
0.0
0.0
0.0
-4.8586226e-05
0.0
1.0791293e-09
6.381721e-05
0.0
5.695033e-07
-1.4227217e-06
0.0
0.0
0.0
0.0
0.0
0.0
0.0
0.0
-2.0605534e-05
0.0
-6.515032e-05
0.0
0.0
0.0
0.0
0.0
0.0
0.0
0.0
0.0
0.0
0.0005314292
0.00068178854
0.0
0.0
0.0
0.0
7.877e-06
1.3441945e-07
0.0
-3.0616318e-06
0.0
0.0
0.0
5.952631e-05
4.1842156e-08
0.0
-0.00011933
0.0
0.0
6.8784884e-06
0.0
0.0
0.0
0.0
-8.178927e-07
0.0
0.0
0.0
-3.8739466e-07
6.8949603e-06
0.0
0.0
0.00023788355
0.0
-6.1394725e-09
0.0
-3.6142733e-09
0.0
0.0
0.0
0.0
1.3925898e-06
0.0017816797
0.0
0.0
0.0
-8.689682e-05
0.0
-5.537043e-06
0.0
0.0
3.8061367e-07
0.0
1.2244755e-07
6.9331472e-06
0.0
2.4990572e-07
0.0
1.7707692e-06
1.8090095e-07
0.0
3.4183236e-07
0.0
0.0
0.0
0.0
1.4818224e-08
0.0
0.0
0.0
0.0
0.0
1.1025252e-06
-5.8225598e-09
0.0
5.480951e-06
6.3974335e-07
5.0263397e-06
0.0
0.0
0.0
0.0
0.0
0.0
5.011943e-06
5.376522e-05
-3.3523802e-06
0.0
0.0
0.0
0.0
0.0013695214
3.7052312e-06
0.0
9.938689e-07
1.0345867e-05
0.0
0.0
7.824376e-07
-1.6375229e-06
7.0682364e-07
1.9938775e-06
0.0
0.0
0.0
0.0
0.0
0.0
2.2537894e-05
-1.3000297e-06
0.0
3.671021e-06
1.14783215e-05
0.0
0.0
0.0
0.0
0.0
0.0
0.0
0.0
1.7701732e-06
0.0
-1.1039434e-05
0.0
0.0
-4.0085794e-08
4.9213535e-09
0.00013767534
1.18369935e-05
0.0
0.0
0.0
1.7380527e-05
-1.0319275e-08
0.0
0.0
0.0
1.305537e-06
0.0
1.01795795e-05
4.7862153e-07
0.0
0.0
0.0
0.0
-3.2367653e-10
0.0
0.0
-1.0321019e-06
3.958252e-05
0.0
0.0
2.1509273e-07
2.0149274e-08
0.0
0.0
0.0
-1.4464216e-06
0.0
0.0
0.0
0.0
0.0
0.0
0.0
0.0
0.0
0.0
-2.3179206e-05
5.3386884e-08
0.0
0.0
-3.0272859e-05
9.666389e-05
0.0
4.024749e-05
0.0
0.0
6.6077732e-06
0.0004851439
1.232398e-05
0.00037180504
1.4397442e-05
0.0
0.0
0.0
0.0
0.0
0.0
0.0
1.1114264e-09
0.00010557275
7.8486504e-05
0.0
0.0
0.0
-1.4599456e-06
0.0
0.0
0.0
0.0
-1.2912261e-07
1.3182236e-05
0.0
0.0
0.0
0.0
1.5482778e-08
0.0
-2.8918097e-07
0.0
0.0
4.9531147e-05
0.0
0.0
0.0
-1.8814419e-05
8.901271e-05
0.0
0.0
0.0
0.0
0.0
0.0
-2.0543632e-05
0.0
2.5753552e-06
0.0
0.0
0.0
0.0
0.0
0.0
0.0
8.446001e-05
0.0
4.0907867e-06
0.0
2.9068691e-05
0.0
0.0
0.0
-2.495246e-05
0.0
-5.7763653e-08
0.0
2.050827e-05
0.0
0.0
5.0156796e-06
0.0
0.0
0.0
-3.3073935e-08
3.6271576e-06
0.0
0.0
-3.426716e-05
0.0
0.0
5.519265e-05
-3.138706e-09
3.0534226e-05
0.0
6.575957e-06
0.0
0.0
-1.9407385e-06
0.00016891939
0.00016499803
0.0
0.0
0.0
0.0
0.0
0.0
0.0
0.0
0.0
0.0
0.0
0.0
0.0
-5.702871e-08
0.0
2.3294484e-05
0.0
7.1660246e-08
0.0
0.0
0.00011993155
0.0
0.0
6.2771795e-07
2.5964766e-05
1.0482101e-05
-2.2899748e-08
0.0
0.0
-4.8473822e-08
1.0525359e-06
-3.4656177e-06
0.0
0.0
1.2482509e-05
0.0
1.5375166e-05
3.320821e-05
0.0
0.0
0.0
0.0
0.0
0.0
0.0
0.0
0.0
0.0
0.0
0.0
0.0
0.0
0.0
0.0
0.0
0.0
0.0
0.0
0.0
5.7231563e-08
0.0
0.0
-3.5750594e-07
0.0
0.0
0.0
0.0
0.0002618495
0.0
0.0
-1.7096388e-08
0.0
0.0
0.0
0.0
0.0
9.323106e-10
4.6317775e-05
0.0
0.00016946993
0.0
0.0
0.0
0.0
0.0
7.4882545e-09
3.3321485e-06
0.0
1.957206e-05
3.5508063e-07
0.0
0.0
-5.6746032e-08
-1.183967e-07
0.0
5.0048866e-06
0.0
0.0
0.0
0.0
0.0
0.0
0.0
0.0
7.6875347e-07
0.0
0.0
9.261197e-05
0.0
1.4656736e-07
0.0
0.0005595554
0.0
-2.473386e-05
0.0
0.0
0.0
0.0
0.0
-4.6996718e-07
0.0
0.0
0.0
0.0
0.0
1.0861619e-06
0.0
0.0
-8.242032e-09
0.0
7.8668315e-08
0.0
0.0
0.0
0.0
0.0
4.4005668e-07
0.0
0.0
0.0
0.0
-7.897209e-06
0.0
0.0
1.7710548e-08
0.0
0.0
0.0
0.0
0.0
0.0
0.0
0.0
0.0
1.2423011e-06
-5.46232e-07
8.7077606e-05
0.0
0.0
1.8944684e-05
0.0
0.0
-0.00016967829
-8.9712154e-07
0.0
0.0
0.0
0.012196233
0.0
0.0
6.5475706e-07
0.0
2.1264593e-07
0.0
0.0
2.0606121e-05
5.15441e-05
6.7066446e-07
0.0
0.0
0.0010003853
0.0
6.379619e-06
0.0
0.0
0.0
0.0
0.0
0.0
9.037341e-05
0.0
7.0256276e-05
0.0
1.35223e-06
0.0
5.3305863e-05
0.0
0.0
0.0
0.0
0.0
0.0
1.0307228e-05
0.0
0.0
3.172756e-08
0.0
0.0
0.0
0.0
0.0
4.9799814e-06
0.0
0.0
-6.7377955e-06
1.8994461e-07
0.0
0.0
5.177179e-09
-2.1426324e-07
0.0
1.2138604e-06
0.0
0.0
0.0
0.0
-1.4253623e-06
0.0
0.0
0.0
0.0
9.2745756e-07
0.0
0.0
0.0
0.0
7.620519e-06
0.0
0.0
4.699349e-06
0.00044083127
0.0
0.0
0.0
0.0
0.0
0.0
-0.00014147696
0.0
0.0
-2.1688013e-06
0.0
0.0
0.0
0.000203124
0.0
1.200154e-05
0.0
0.0
0.0
1.9656973e-06
0.0
0.0
0.0
1.6614058e-05
2.6234434e-06
0.0
0.0
0.0
0.0
0.0
1.2487695e-06
0.0
0.00019461608
0.0
0.0
-2.0316797e-07
0.0
0.0
1.035988e-07
0.0
0.0
0.0
0.0
8.402756e-06
0.0
0.0
0.0
0.0
0.0
0.0
0.0
0.0
0.0
0.0
0.0
0.0
0.0
0.0
0.0
0.0
0.0
0.0
0.0
0.0
0.0
3.781395e-06
0.00046057816
0.0
0.0
0.0
0.0
0.0
0.0
-1.1707741e-06
0.0
1.9482082e-05
0.0
0.0
0.0
0.0
4.583695e-09
0.0
0.0
0.00015045716
0.0
0.0
0.0
0.0
0.0
0.0
0.0
0.0
0.0
0.0
-2.6728147e-05
-6.644933e-05
0.0
0.0
0.0
0.0
0.0
0.0
0.0
0.0
0.0
1.4501019e-07
2.1105513e-06
0.0
0.0
0.0
0.0
0.0
-2.0236193e-09
0.0
0.0
0.0
0.0
0.0
0.0
0.0
0.0
0.0
0.0
0.0
0.0
0.0
3.1845153e-05
0.0
0.0
0.0
0.0
0.00014888428
3.6193862e-06
0.0
0.0
0.0
0.0
0.0
0.0
-1.4713177e-05
0.0
0.0
-2.7224176e-09
0.0
0.0
4.1133357e-05
0.0
-1.983486e-08
0.0
0.0007195309
0.00011628627
0.0
0.0
0.0
0.0
0.0
0.0
0.0
0.0
0.0
0.0
0.0
9.480747e-09
0.0
0.0
0.0
3.6800637e-05
0.0
0.0
0.0
0.0
0.0
0.0
0.0
-1.9504325e-09
0.0
0.0
0.0
5.306196e-05
0.0
0.0
0.0
0.0
5.6083754e-06
0.0
0.0
0.0
0.0
0.0
0.0
-3.4073968e-05
0.0
0.0
0.0
0.0
0.0
0.0
5.887809e-09
2.8478182e-06
0.0
0.0
-8.22151e-08
0.0
0.0
0.0
0.0
-1.5117186e-05
0.0
0.00021331412
0.0
0.0
0.0
0.0
0.0
0.0
5.5476266e-07
0.0
0.0
0.0
0.0
0.0
0.0
0.0
0.00028293362
0.0
-4.0192725e-09
0.0
0.0
2.601306e-07
0.0
0.0
0.0
-3.0295587e-07
0.0
0.0
0.0
0.0
-5.915826e-12
1.3039219e-05
0.0
0.0
0.0
7.407001e-07
0.0
0.0
-0.0007185742
0.0
0.0
0.0
1.1152436e-05
0.0
0.0
0.0
7.0861395e-05
0.0
0.0
1.177803e-05
0.0
-3.3495671e-06
-2.1948672e-07
0.0
0.0
0.0
0.0
0.0017929173
0.0
0.0003321626
0.0
3.3769888e-05
-1.03880415e-08
-1.5092893e-06
-5.826609e-07
0.0
0.0
0.0
1.0271983e-07
0.0
0.0
-6.4007013e-06
5.564691e-05
1.3053648e-06
0.0002493308
0.0
6.275523e-05
0.0
0.0
0.0
0.0
-0.00010974407
-5.4097643e-11
0.0
0.0
0.0
3.509619e-05
0.0
0.0
0.0
0.0
-5.8075333e-08
0.0
-1.9448285e-06
0.0
0.0
0.0
0.0
0.0
0.0
0.0
0.0
0.0
0.0
0.0
0.0
5.045466e-06
0.0
-0.0006707507
0.0
0.0
1.9487543e-09
-6.6384295e-08
0.0
0.0
0.0
0.0
0.0
0.0
0.0
8.6565706e-05
0.0
3.7775737e-06
0.0
-1.6561595e-05
0.0
0.0
0.0
3.6573897e-06
0.0
0.0
2.0855636e-05
0.0
0.0
0.0
-2.1490845e-08
0.0
0.0
5.4627325e-10
1.5706119e-05
0.0
0.0
-2.1037393e-05
0.0
1.30713415e-05
0.0
0.0
0.0
0.0
0.0
0.0
0.0
0.0
0.0
-3.7673303e-08
2.1135071e-09
0.0
0.0
-1.2884066e-05
0.0
1.9027539e-06
0.0
0.0
0.0
0.0
0.0
0.0
0.0
0.0
0.0
9.699988e-08
0.0
0.0
0.00019371402
3.5995043e-07
0.0
0.0
0.0
0.0
0.0
5.252617e-05
0.0
0.0
-1.15276464e-07
0.0
0.0
0.0
0.0
3.2102175e-08
0.0
0.0
0.00060890603
1.316469e-05
0.0
0.0
0.0
0.0
0.0
0.0
0.0
0.0
1.2458089e-05
0.0
0.00044734197
0.0
0.00022491316
0.0
1.2761775e-06
0.0
0.0
1.03703606e-07
0.0
0.0
-9.333305e-05
0.0
0.0
-2.8346106e-08
0.0
0.0
0.0
0.0
0.0
0.00013934956
-1.5262508e-06
0.0
0.0
0.0
0.0
0.0
1.9972277e-09
0.0
0.0
0.0
0.0
0.0
1.6368662e-06
0.0
0.0
-1.2773025e-08
0.0
0.0
-6.080273e-05
0.0
0.0
0.0
0.0
1.7134897e-06
3.7204296e-05
0.0
0.0
0.0
0.0
0.0
0.0
0.0
0.0
0.0
0.0
0.0
0.00087966595
0.0
2.390749e-05
0.0
0.0
0.0
-6.2200495e-05
0.0
0.0
0.0
3.984001e-07
0.0
0.0
0.0
1.0261148e-05
0.0
-1.1738462e-09
0.0
0.0
0.0
-2.0184308e-08
0.0
0.0
0.0
0.0
-4.9663305e-07
0.0
9.8194054e-05
1.680252e-06
0.0
0.0
0.0
0.0
0.0
-3.2945877e-09
0.0
0.0
0.0
0.0
-6.6667555e-10
0.0
0.0
0.0
0.0
0.0
-6.526059e-08
0.0002590979
0.0
0.0
0.0
0.0
-3.918699e-06
1.4518706e-08
3.0229144e-06
4.6519293e-08
0.0
0.0
-9.968607e-06
1.3980969e-07
0.00023547094
0.0
-3.357163e-08
-1.1616637e-07
0.0
0.0
0.0
0.0
-4.068541e-07
0.0
0.0
1.0156152e-06
0.0
0.0
8.7498904e-07
0.0
0.0
0.0
0.0
0.0
0.0
0.0
-1.7377886e-07
0.0
0.0
3.4984723e-08
1.3521716e-05
0.0
0.0
8.560815e-09
0.0
0.0
0.0
0.0
0.0
5.7201864e-06
0.0
0.0
0.0
0.0
-2.7826393e-06
0.0
0.0
0.0
0.0
3.728801e-05
9.60043e-07
0.0
0.0
2.061862e-06
-1.3982121e-07
0.0
0.0008635944
0.0
0.0
0.0
-1.9686379e-08
0.0
0.0
0.0
0.0
-3.227273e-08
0.0
0.0
0.0
0.0
0.0
3.071277e-05
0.0
2.4897025e-05
0.0010759669
0.0
0.0
-3.9223517e-07
0.0
0.0
3.3665822e-06
0.0
8.179958e-07
-7.238211e-06
0.0
0.0
0.0
0.0
0.0
0.0
-6.1486544e-06
0.0
0.0
0.0
0.0
4.1807725e-06
1.785503e-05
0.0
0.0
-4.433748e-05
0.0
0.0
0.0
0.0
7.385801e-08
0.0
0.0
0.0
0.0
7.952414e-05
0.0
-6.3482894e-06
0.0
0.0
0.0
0.0
7.0649417e-06
3.7243262e-05
0.0
2.528775e-07
0.0
0.0
0.0
0.0
0.0
0.0
0.0
2.4926392e-08
0.0
0.0
1.428372e-07
0.0
2.8993195e-06
4.3136572e-07
0.0
-4.8658105e-08
7.243366e-07
0.0
0.0
0.0
0.0
0.0
0.0
0.0
0.0
5.4795523e-06
7.9774953e-10
0.0
1.2462044e-06
0.0
-1.1700944e-09
0.0
0.0
0.00011616944
-1.0056149e-08
0.0
0.0
0.0
0.0
0.0
7.616146e-08
4.5721452e-05
1.1880955e-07
0.0
0.0
0.0
0.0
0.0
7.151567e-07
-4.4711152e-07
0.0
0.0
0.0
0.0
1.6848784e-06
1.9601106e-07
2.1702941e-07
0.0
0.0
0.0
0.0
2.9594588e-05
0.0
0.0
8.773849e-05
5.6883204e-07
3.0396884e-06
-4.7395954e-08
1.446565e-05
5.8937854e-07
0.0
0.0
0.0
0.0
0.0
5.318617e-07
0.0
0.0
5.2678643e-11
0.0
0.0
0.0
-1.4150221e-07
0.0
0.0
0.0
0.0
0.0
1.17938835e-05
0.0
0.0
0.0
0.0
0.0
0.0
0.0
-1.28069795e-08
1.1315103e-05
0.0
0.0
1.01967984e-07
0.0
0.0
0.0
1.3445836e-05
0.0
0.0
0.0
0.00015676327
0.0
0.0
0.0
0.0
0.0
4.4684608e-08
0.0
0.0
0.0
0.0
6.6312773e-09
0.0
0.0
8.0859945e-06
0.0
0.0
5.651046e-06
0.0
0.0
0.0
0.0
0.0
0.0
0.0
0.0
0.0
0.0
0.0
0.0
0.0
0.0
0.0
0.0
0.0
3.9675473e-07
0.0
0.0
0.0
0.0
0.0
0.0
0.0
0.0
-9.0460625e-11
0.0
0.0
0.0
0.0
0.0
0.0
0.0
0.0
0.0
0.0
0.0
0.0
0.0
0.0
1.4807887e-06
0.0
-2.9219622e-08
-3.0681083e-08
0.0
0.0
0.0
0.0
-1.5585838e-06
0.0
0.0
0.0
0.0
1.2214672e-05
0.0
3.112798e-06
-4.161075e-08
0.0
-9.572158e-07
4.4028915e-05
0.0
7.433214e-05
0.0
0.0
2.1784883e-05
0.0
0.0
0.0
0.0
5.652924e-07
-4.308405e-07
-2.4881663e-05
0.0
0.0
3.2858693e-06
0.0
0.0
0.0
-1.521071e-06
1.2134435e-09
6.686588e-06
0.0
0.0
0.0
0.0
-1.4464494e-07
1.4879832e-05
4.5892494e-07
0.0
0.0
0.0008848448
0.0
0.0
0.0
0.0
-8.175343e-09
-3.5380785e-05
2.8011402e-05
0.0
0.0
0.0
0.0
3.846466e-06
0.0
0.0
0.0
0.0
0.0
0.0
1.8775529e-05
0.0
0.0
0.0
0.0
1.9906304e-06
0.0
0.0
-1.1480396e-07
0.0
0.0
0.0
0.0
0.0
0.0
-1.6224628e-06
0.0
0.0
9.124338e-06
0.0
0.0
0.0
0.0
0.0
0.0
0.0
-0.00018704547
1.0286975e-06
0.0
0.0
0.0
0.0
4.6702235e-06
0.0
0.0
0.0
0.0
0.0
8.160487e-05
0.0
0.0
0.0
-7.011867e-06
-4.5253888e-05
5.65524e-06
0.0
0.0
0.0
0.0
0.0
0.0
0.0
-1.5662179e-09
0.0
6.42014e-06
1.7459929e-06
0.0
0.0
-4.5955494e-05
0.0012315124
-7.8985996e-10
0.0
0.0
-7.3999556e-10
0.0
0.0
-1.2738682e-06
0.0
0.0
0.0
0.0
-4.937499e-07
-4.5262272e-08
0.0
0.0
0.0
5.8401606e-06
0.0
0.0
7.2411685e-06
0.0
0.0
4.8093193e-07
2.6835895e-07
0.0
-1.6486422e-07
0.0
0.0
0.0
0.0
0.0
0.0
-1.3443391e-08
0.0
3.1761772e-06
0.0
2.0993539e-05
-7.0056803e-06
0.0
-3.4343514e-06
-4.2525983e-08
0.0
0.0
0.0
0.0
0.0
0.0
0.0
0.0001403445
0.0
0.0
0.0
0.0
2.2650506e-06
-6.683354e-05
0.0
0.0
0.0
1.3809275e-08
0.0
0.0
0.0
0.0
0.00018222709
0.0
0.0
0.0
0.0
-5.543652e-05
0.0
-1.7717976e-10
0.0
-2.8093314e-07
0.0
0.0
0.0
0.0
0.0
0.0
0.0
3.714173e-07
0.0
0.0
0.0
6.5451283e-10
0.0
0.0
0.0
5.3576587e-06
0.0
1.0160869e-06
0.0
0.0
0.0
-6.00083e-07
0.0
-7.220049e-08
0.0
0.0
0.0
0.0
-2.423437e-07
6.8693516e-06
-1.2562433e-07
0.0
0.0
0.0
6.641118e-05
0.0
-1.3187737e-06
0.0
0.0
0.0
8.820202e-06
0.0
0.0
0.0
0.0
0.0
0.0
0.0
0.0
0.0
0.0
0.0
0.0
0.0
0.0
0.0
0.0
0.0
0.0
0.0
0.0
0.0
0.0
0.0
0.0
0.0
2.7867504e-06
0.0
0.0
0.0
0.0
1.1187572e-06
0.0
0.0
0.0
0.0
0.00015291397
0.0
0.0
0.0
0.0
2.716722e-06
0.0
0.0
0.0
0.0
0.0
0.0
0.0
0.0
0.0
0.0
0.0
1.361374e-05
2.2482807e-06
0.0
0.0
6.35238e-06
0.0
0.0
0.0
0.0
0.0
0.0
0.0
0.0
0.0
0.0
0.0
-3.1133375e-05
0.0
0.0
0.0
0.0
0.0
0.0
0.0
0.0
0.0
0.0
0.0
0.0
0.0
0.0033255515
0.0
0.0
0.0
0.0
8.96467e-06
0.00011264869
0.0
0.0
0.0
0.0
0.0
-1.7857665e-05
-3.362433e-08
0.0
0.0
0.0
7.975242e-07
0.0
0.0
0.0
0.0
5.959369e-08
-8.400684e-09
-4.525081e-07
0.0
3.0697436e-05
5.424838e-05
0.0
0.0
0.0
0.0
0.0
0.0
0.0
1.2607389e-10
2.3216614e-06
-7.643752e-08
0.0
0.0
0.0
0.0
1.0413769e-06
0.0
0.0
0.0
0.0
0.0
0.00020579011
-4.4825132e-10
0.0
3.852413e-05
1.3501743e-05
0.0
0.0
0.0
0.0
0.0
0.0
0.0
0.0
0.0
0.0
0.0
1.1379946e-06
0.0
0.0
-4.5438687e-06
0.0
2.0829889e-07
0.0
0.0
0.0
0.0
0.0
3.7903155e-05
0.0
0.0
2.3132782e-07
0.0
0.0
2.0874346e-05
0.0
0.0
-6.780556e-08
0.0
8.849814e-07
0.0
0.0
4.8332686e-07
0.0
8.543559e-08
0.0
0.0014390806
0.0
0.0
0.0
0.0
0.0
0.0
0.0
-7.0314127e-07
0.0
3.0624456e-06
6.761409e-05
0.0
-9.083321e-06
0.0
0.0
0.0
0.0
0.0
1.6490995e-06
0.0
0.0
0.0
0.0
0.0
0.0
-6.142103e-07
0.0
0.0
0.0
4.3100554e-09
0.0
0.0011228768
0.0
0.0
0.0
0.0
0.0
0.0
0.0
0.0
0.0
0.0
1.2081057e-05
0.0
0.0
2.419194e-05
4.470572e-06
0.0
0.0
0.0
0.0
0.0
0.0
0.0
0.0
0.0
0.0
0.0
0.0
0.0
0.0
0.00019538956
0.0
0.0
0.0
0.0
0.0
0.0
0.0
0.0
-3.36759e-08
0.0
0.0
1.2828997e-06
0.0
0.0
0.0
0.00016820905
-6.3791816e-07
0.0
0.0
0.0
-9.4851265e-09
0.0
6.17969e-08
0.0
-7.920419e-09
0.0
0.0
0.0
0.0
4.784541e-08
8.965125e-06
0.0
0.0
0.0
0.0
0.0
0.0
0.0
-1.2272649e-06
1.5577376e-07
0.0
0.0
0.0
0.0
0.0
0.0
0.0
0.0
0.0
0.0
5.4068246e-06
0.0
0.0
0.0
0.0
0.0
7.6606375e-06
0.0
0.0
-1.7012255e-07
0.0
0.0006404615
2.228145e-05
0.0
0.0
3.2306812e-06
0.0
0.0
0.0
0.0
0.0
0.0
0.0
0.0
0.0
0.0
0.0
0.0
-7.833504e-09
0.0
3.2314466e-07
5.92364e-05
5.955155e-06
0.0
0.0
0.0
0.0
-3.517448e-10
0.0
0.0
0.0
0.0
0.0
3.0347653e-06
0.0
0.0
0.0
0.0
0.0
0.0
0.0
0.0
0.0
0.0
0.0
0.0
8.327952e-05
6.201964e-07
0.0
1.1055605e-06
0.0
0.0
0.0
8.050688e-05
-1.4312663e-08
0.0
0.0
0.0
1.1251416e-06
0.0
0.0
2.7994085e-07
1.7695153e-06
-9.186932e-08
0.0
0.0
0.0
0.0
0.0
0.0
0.0
-1.8303113e-09
0.0
0.0
0.0
0.0
7.654379e-07
0.0
-1.0138165e-06
0.0
0.0
0.0
0.0
1.2447614e-05
0.0
4.4979674e-06
0.0
3.1963413e-05
0.0
0.0
2.5814687e-08
-2.276901e-06
0.0
5.2500777e-08
0.0
0.0
5.135428e-07
1.9663857e-07
0.0
0.0
7.0696218e-09
0.0
0.0
0.0
1.662768e-05
3.687331e-07
0.0
0.0
2.2395807e-05
0.0
0.0
0.0
0.0
0.0
0.0
0.0
0.0
0.0
-2.6763346e-06
0.0
0.0
0.0
0.0
0.0
0.0
5.4444094e-09
1.2510335e-06
0.0
0.0
0.0
2.3065127e-06
0.0
0.0
0.0
0.0
0.0
0.0
1.0860391e-06
0.0
0.0
5.0629096e-06
1.8001932e-05
0.0
0.0
0.0
0.0
0.0
7.774181e-07
0.0
0.0
0.0
0.0
0.0
1.8211218e-05
2.8283519e-05
0.0
0.0
0.00016254288
0.0
0.0
0.0
0.0
0.0
3.2573244e-09
0.0
0.0
0.0
0.0
0.0
0.0
0.0
0.0
0.00022122622
3.4871755e-07
0.0
0.0
4.1089694e-07
0.0
0.0002624367
0.0
0.0
0.0
1.1774555e-06
0.0
0.0
3.4160385e-07
0.0
0.0
5.4954042e-05
0.0
0.0
4.5369966e-10
0.0
0.0
1.9406408e-09
0.0
0.0
0.0
0.0
0.0039147856
0.0
0.0
0.0
-2.0459192e-05
0.0
0.0
0.0
0.0
0.0
0.0
0.0
0.0
0.0
-1.6366106e-07
0.0
3.088432e-05
0.0
0.0
0.0
7.3484975e-05
0.0
0.0
-1.9167152e-05
0.0
0.0
0.0
0.0
0.0
7.416978e-06
3.6593928e-09
1.9208503e-05
0.0
0.0
0.0
0.0
0.0
0.0
0.0
0.0
0.0
-3.039633e-09
0.0
-8.418328e-07
0.0
0.0
0.0
0.0
0.0
0.0
0.0
4.2935574e-07
0.0
-5.038447e-07
0.0
0.0
0.0
0.0
0.0
4.8277066e-06
0.0
0.0
0.0
-2.6743832e-05
0.0
0.0
0.0
0.0
0.0
0.0
3.3037814e-08
1.3051607e-06
0.0
2.143922e-07
0.0
0.0
5.515871e-05
-6.311062e-07
0.0
-4.1460157e-06
0.0
0.0
0.0
5.7285295e-08
0.0
0.0
0.0
0.0
8.28112e-08
0.0
0.0
0.0
1.2389063e-06
1.0298864e-05
0.0
0.0
0.0
0.0
0.0
8.311489e-08
0.0
0.0
0.0
0.0
0.0
0.0
3.7317284e-07
0.0
0.0
0.0
0.0
0.0
5.457762e-07
0.0
0.0
0.0
2.5209415e-06
0.0
0.0
0.0
0.0
0.0
-8.64862e-07
0.0
0.0
3.107003e-05
0.0
0.0
-1.7360303e-08
0.00064617884
-3.6533818e-06
0.0
0.0
-9.426905e-06
0.0
6.459579e-06
0.0
-1.5968948e-05
0.0
9.0001504e-07
0.0
5.9109666e-06
0.0
0.0
-4.931251e-08
4.44086e-08
0.0
0.0
1.2379272e-05
0.0
3.611878e-08
0.0
0.0
6.3902036e-07
0.0
0.0
0.0
0.0
0.0
-1.3414402e-08
0.0
0.0
0.0
0.0
1.9256434e-07
0.0
0.0021100587
0.0
0.0
0.0
-1.5565472e-07
0.0
0.0
0.0
0.00016106591
0.0
0.0
0.0
-1.7628716e-07
0.0
0.0
5.3702356e-06
0.0
7.945487e-07
0.0
0.0
-1.6350674e-07
0.0
0.0
0.0
0.0
0.0
0.0
0.0
0.0
0.0
0.0
-2.3297123e-06
0.0
0.0
0.0
0.0
0.0
0.0
0.0
0.0
-1.7670602e-06
-8.046717e-09
0.0
-5.2293903e-08
0.0
0.0
0.0
0.0
0.0
0.0
5.2439688e-08
0.0
0.0
1.8652509e-06
0.0
1.0860953e-07
0.0
5.3617287e-06
0.0
0.0
0.0
0.0
-2.9457495e-11
0.0
0.0
0.0
0.00060170185
0.0
0.0
0.0
0.0
0.0
0.0
0.0
0.0
0.0
0.0
1.793079e-06
0.0
0.0
0.0
0.0
0.0
0.0
0.0
0.0
0.0
0.0
0.0
0.0
9.463381e-07
0.0
0.00034187565
0.00011408026
0.0
0.0
4.580167e-06
0.0
0.0
0.0
0.0
0.0
0.0
7.748226e-07
0.0
0.0
0.0
0.0
0.0
2.948578e-09
0.0
0.0
0.0
0.0
0.00042261797
0.0
0.0
0.0
0.0
0.0
0.0
0.0
0.0
0.0
4.2073008e-08
0.0
2.147665e-05
0.0
0.0
0.0
1.5601732e-07
0.0
0.0
0.00028613122
0.0
0.0
0.0
0.0
-7.557548e-08
0.0
8.0467265e-07
0.0
0.0
0.0
0.0
8.236843e-06
0.0
-4.574175e-06
0.0
0.0
7.625282e-07
0.0
7.647707e-06
0.0
0.0
0.0
0.0
0.0
0.0
0.0
0.0
0.0004588356
-1.4326391e-08
0.0
0.0
0.0
0.0
3.8211235e-07
-3.3433672e-08
0.0
0.0
0.0
0.0
0.0
0.0
0.0
0.0
0.0
0.0
0.0
0.0
1.1558455e-05
-8.757572e-10
0.0
0.0
1.9987208e-06
0.0
-1.7744147e-05
-1.2824237e-05
0.0
0.0
0.0
0.00012010299
0.0
0.0
0.0
0.0
0.0
0.0
0.0
0.0
9.351363e-09
0.0
0.0
0.0
-2.5906168e-06
0.0
0.0
0.0
3.0214442e-05
0.0
0.0
2.3959243e-05
0.0
0.0
2.7437207e-05
0.0
0.0
0.00010340003
0.0
-2.8499872e-07
0.0
0.0
0.0
0.0
0.0001858783
3.6673427e-08
0.0
0.0
0.0
0.0
0.0
2.0568264e-07
0.0
0.0
0.0
0.0
0.0
1.2786754e-06
0.0
-1.669593e-07
0.0022805333
0.0
0.0
0.0
0.0
0.0
0.0
-4.6605075e-10
0.0
0.0
1.2795615e-06
0.0
0.0
8.658312e-05
0.0
6.221476e-06
0.0
0.0
0.0
0.0
0.0
0.0
0.0
0.0
0.0
0.0
0.0
-1.3404979e-09
0.0
0.0
0.0
0.0
0.0
0.0
5.2414484e-06
0.0
0.0
-3.4222298e-06
0.0
8.5520406e-07
0.0
0.0
0.0
0.0
0.0
2.3971898e-08
0.0
0.0
3.6060792e-05
6.488236e-06
0.0
0.0
0.0
1.6770498e-05
0.0
0.0
0.0
0.0
0.0
3.562773e-09
0.0
0.0
0.0
0.0
-1.4002938e-10
0.0
0.0
0.0
8.836477e-07
0.0
0.0
0.0
0.0
-2.0460206e-05
2.2420944e-07
0.0
0.0
0.0
1.7565379e-05
-2.9326513e-06
-4.2258425e-06
0.0
0.0
0.0
0.0
2.5440786e-06
0.0
0.0
0.0
1.1228434e-06
0.0
0.0
0.0
0.0
0.0
5.6658475e-05
7.938864e-07
0.0
0.0
0.0
0.0
0.0
0.0
2.0035057e-05
0.0
0.0
5.0170906e-06
0.000101303616
0.0
0.0
-1.7921948e-07
0.0
-3.1050283e-06
0.0
0.0
0.0
-2.3910896e-08
6.125814e-07
4.5495773e-07
0.0
3.1507611e-06
0.0
0.0
0.0
6.78595e-08
0.0
0.0
0.0
4.1785006e-07
0.0
0.0
0.0
-7.954667e-08
-1.4259416e-06
0.0
0.0
0.0
0.0
-1.9515632e-08
0.0
3.2175287e-06
0.0
0.0
2.4778658e-06
0.0
0.0
0.0
0.0
0.0
0.0
0.0
1.3396398e-07
0.0
0.0
0.0
0.0
0.0
5.138747e-06
0.0
0.0
-7.376807e-07
-1.651669e-08
0.0
0.0
0.0
0.0004814203
-3.259123e-08
0.0
0.0
0.0
-2.4738578e-05
0.00049565657
0.0
0.0
0.0
6.971855e-07
-1.318644e-06
0.0
0.0
0.0
0.0
0.0
0.0
0.0
0.0
0.0017942316
0.0
0.0
0.0
0.0
-6.137707e-13
0.0
0.0
0.0
0.0
0.0
0.0
0.0
-7.783683e-06
0.0
0.0
7.944789e-06
8.0013535e-07
0.0
0.0
0.0
0.0
4.835423e-07
0.0
1.4901098e-05
0.0
1.592076e-07
0.0
0.0
0.0
0.0
0.0
0.0
0.0
0.0
0.0
2.27387e-06
0.0
1.2511035e-06
0.0
-7.6457465e-05
0.0
0.0
-6.823785e-09
0.0
0.0
0.0
0.0
0.0
0.0
0.0
0.0
0.0
0.0
6.2136164e-06
0.0
-1.894142e-09
-2.537067e-05
0.0
0.0
0.0
0.00014939641
0.0
3.9774653e-07
0.0
0.0
0.0
0.0
0.0
0.0
0.0
0.0
0.0
0.0
0.0
3.778574e-05
0.0
0.0
0.0
0.0
0.0
6.54356e-08
0.0
0.0
0.0
2.114403e-05
0.0
0.0
0.0
0.0
0.0
2.1172458e-05
-2.5953884e-07
1.347282e-06
0.0
-2.3578705e-08
0.0
1.7418786e-05
0.0
0.0
0.0
0.0
0.0
0.0
0.0
0.0
0.0
0.0
0.0
0.0
0.0
0.0
0.0
0.0
0.0
2.1036813e-05
0.0
-3.4185198e-06
0.0
0.0
0.0
-9.515553e-08
0.0
0.0
2.7768779e-06
0.0
0.0
0.0
0.0
0.0005398696
0.0
0.0
0.0
-1.0515931e-07
0.0
0.0
0.0
1.4542401e-07
0.0
-1.7595376e-07
0.0
0.0
0.0
0.0
0.0
0.0
0.0
0.0
0.0
0.00040690246
0.0
0.0
0.0
0.0
0.0
0.00026911183
0.0
0.0
0.0
2.094369e-06
0.0
0.0
-3.6278885e-05
0.0
0.0
0.0
4.5613398e-08
2.45061e-07
0.0
-2.150231e-05
0.0004929017
0.0
2.3235783e-08
3.4978382e-07
0.0
5.0463583e-10
0.0
0.0
0.0
0.00047421732
3.8864897e-07
0.0
0.0
0.0
0.0
0.0
0.0
3.6402975e-07
0.0
0.0
-8.241509e-10
0.0
0.0
0.0
0.0
1.1667883e-07
0.0
0.0
9.677941e-05
0.0
0.0
0.0
0.0
0.0
1.540401e-08
1.0134634e-08
0.0
0.0
0.0
0.0
0.0
-2.2239392e-06
0.0
0.0
0.0
0.0
0.0
0.0
0.0
0.0
-3.3795735e-09
2.2365828e-05
0.0
8.846519e-06
2.8322765e-07
6.015067e-07
0.0
0.0
0.0
-3.1227052e-07
0.0
-2.3020611e-07
0.0
4.939672e-06
0.0
0.0
0.0
0.0
0.0
-1.2345807e-06
1.3052154e-07
0.0
0.0
0.0
0.0
0.0
2.1743636e-09
0.0
0.0
0.0
0.0
0.0
0.0
4.6956493e-06
0.0
0.0
0.0
0.0
-6.0134155e-08
0.0
0.0
0.0
0.0
0.0
9.0282704e-08
0.0012595579
0.0
0.0
0.0
0.0
0.00839346
0.0
8.929169e-07
0.0
0.0
0.0
0.0
-7.277651e-07
2.9903573e-05
0.0
0.0
1.8822639e-05
0.0
0.0
0.0
0.0
0.0
0.0
-1.1700763e-08
0.0
0.0
0.0
1.774752e-05
0.0
5.987824e-06
0.0
0.0
0.0
0.0
0.0
4.077373e-07
0.0
0.0
0.0
0.0
0.0
3.4469988e-06
0.0
0.0
0.0
0.0
0.0
0.0
0.0
0.0
0.0
0.0
0.0
7.5689553e-07
0.0
-2.502274e-07
0.0
-1.0235916e-05
0.0
0.0
0.0
0.0
0.0
0.0
0.0
0.0
0.0
-7.4081544e-07
0.0
5.828661e-05
0.0
0.0
-2.7388853e-09
0.0
0.0
0.0
0.0
0.0
0.0
1.7448052e-05
0.0
1.450503e-05
0.0
0.0
0.0
0.0
0.0
0.0
-2.868748e-09
0.0
1.2228163e-05
3.7174523e-05
-6.9532844e-06
0.0
1.1732437e-05
0.0
0.0
0.0
0.0
0.0
0.0
0.0
4.515952e-06
7.001962e-06
1.4391707e-06
-6.356862e-05
0.0
-1.3174759e-05
0.0
0.0
0.0
-4.406692e-09
0.0
0.0
0.0
1.565636e-05
-9.3896425e-08
0.0
0.0
0.0
0.0
0.0
0.0
0.0
0.0
2.0533219e-07
0.0
0.0
0.0
0.0
0.0
0.0
0.0
0.0
-3.732964e-08
0.0
5.9855516e-08
0.0
0.0
1.0481288e-09
0.0
-1.3979185e-07
0.0
0.0
0.0
6.0971197e-09
0.0
0.0
0.0
0.0
0.0
0.0
0.0
0.0
0.0
0.0
0.0
0.0
0.0
5.444237e-08
0.0
0.0
0.0
0.0
-4.095562e-09
0.0
0.0
0.0
7.7887204e-11
0.0
0.0
0.0
0.00023976588
0.0
0.0
0.0
7.2150497e-06
0.0
2.378341e-07
0.0
0.0
0.0
0.0
0.0
4.381227e-06
0.0
0.0
3.713736e-11
0.0
0.0
1.3433944e-07
0.0
0.0
0.0
0.0
0.0
-8.844182e-06
0.0
0.0
0.0
0.0
0.0
3.961367e-07
0.0
0.0
0.0
6.0735742e-06
0.0
0.0
0.0
0.0
5.639226e-07
-3.0892917e-08
0.0
0.0
0.0010044604
0.0
0.0
3.199664e-07
5.278273e-06
0.0
0.0
0.0
0.0
0.0
0.0
0.0
0.0
0.0
-4.417041e-06
0.0
0.0
0.0
0.0
0.0
0.0
0.0
0.0
0.0
0.0
0.0
0.0
-6.795644e-09
5.088592e-07
0.0
0.0
0.0
-4.328964e-09
0.0
2.2096989e-05
0.0
0.0
0.0
0.0
0.0
0.0
0.0
0.0
-6.671938e-05
0.0
9.9654835e-06
0.0
0.0
0.0
-2.253112e-06
0.0
5.7149737e-07
0.0
0.0
0.0
0.0
0.0
0.0
5.2890588e-08
0.0
0.0
0.0
1.3063246e-05
0.0
0.0
0.0
0.0
0.0
0.0
0.0
0.0
0.0
0.0
0.0
0.0
0.0
0.0
0.0
5.3718715e-05
0.0
-5.3505446e-06
0.0
0.0
0.0
8.634777e-08
0.0
0.0
-3.392889e-07
0.0
0.0
0.0
3.1244685e-08
0.0
0.0
0.0
0.0
3.0348573e-08
0.0
0.0
1.6095646e-06
0.0
0.0
6.681402e-05
0.0
0.0
7.793197e-07
0.0
0.0
0.0
-4.5256783e-07
-5.9686847e-09
0.0
0.0
0.0
0.0
0.0
0.0
0.0
0.0
0.0
-1.2935454e-05
0.00040752086
0.0
0.0
0.0
0.0
0.0
0.0
0.0
1.5648935e-09
-0.00010221552
0.0
1.230531e-05
4.786622e-06
0.0
0.0
0.0
0.0
0.0
0.0
0.0
0.0
0.0
0.0
0.0
0.0
0.0
0.0
0.0
-1.0663552e-07
0.0
0.0
0.0
0.0
0.0
0.0
0.0
1.7133707e-06
0.0
0.0
0.0
9.1333834e-07
8.695969e-09
0.0
0.0
0.0
0.0
0.0
0.0
0.0
0.0
3.9051297e-06
-1.003868e-05
0.0
0.0
1.9972516e-08
3.7414397e-06
0.0
-3.2439095e-07
0.0
0.0
0.0004911933
0.0
0.0
1.6223297e-05
1.2293756e-06
0.0
0.0
0.0
0.0
0.0
0.0
2.4215262e-06
0.0
1.231911e-06
0.0
0.0
-5.9812783e-06
9.702295e-07
0.0
0.0
0.0
0.0
0.0
0.0
0.0
0.0
0.0
0.0
0.0
0.0
2.17204e-05
0.0
0.0
0.0
0.0
0.0
0.0
0.0
0.0
0.0
0.0
0.0
0.0
-1.288499e-07
-1.0848097e-06
0.0
0.0
0.0
0.0
0.0
0.0
0.0
0.0
0.0
-1.1399184e-08
0.0008407619
0.0
0.0
0.0
0.0
0.0
0.0
0.0
-1.34706615e-05
-3.5433044e-07
0.0
-2.8463066e-06
-1.5394184e-08
0.0
0.0
-9.654215e-07
4.959775e-07
0.0
1.5416072e-07
0.0
0.0
3.7181428e-05
0.0
0.0
0.0
0.0
0.0
1.8086978e-07
0.0
0.0
2.5082985e-05
0.0
0.0
0.0
0.0
0.0
8.5954156e-08
3.6705667e-05
0.0
1.9553743e-06
0.0
0.0
0.0
0.0
0.0
0.0
0.0
0.00032291719
0.0
0.0
0.0
0.0
0.0
0.0
0.0
1.8221544e-05
0.0
0.0
0.0
0.0
0.0
0.0
0.0
5.0175487e-07
0.0
-7.5346543e-06
-5.7106745e-06
0.0
0.0
1.3968967e-06
0.0
0.0
0.0
0.0
0.0
0.0
0.0
0.0
0.0
0.0
0.0
0.0
0.0
0.0
0.0
0.0
0.0
-6.960004e-08
0.0
0.0
0.0
0.0
0.0
0.0
0.0
2.7247861e-05
0.0
0.0
2.1864635e-09
0.0
0.0
0.0
0.0
0.0
0.0
0.0
0.0
0.0
0.0
0.0
0.00059402257
0.0
0.0
0.0
0.0
-2.4259623e-06
7.275376e-05
0.0
0.0003338503
0.0
0.0
0.0
0.0
0.0
0.0
4.3071346e-08
-2.0941574e-05
0.0
5.1180655e-06
0.0
0.0
-0.00017321123
0.0
0.0
0.0
0.0
0.0
0.0
0.0
0.0
0.0
0.0
0.0
0.0
3.1407535e-06
0.0
0.0
0.0
0.0
0.0
0.0
0.0
0.0
1.065591e-07
0.0
0.0
0.0
0.0
0.0
0.0
1.7462831e-05
0.0
0.0
8.791118e-07
0.0
0.0
0.0
0.0
0.0
-3.972234e-06
0.0
0.0
0.00014403605
5.259157e-06
0.0
0.0
0.0
0.0
0.0
0.0
0.0
0.0
0.0
0.0
0.0
0.0
0.0
0.0
0.0
0.0
-1.0902323e-05
0.0
0.0
0.0
0.0
0.0
1.5261755e-11
9.651819e-06
8.76798e-06
0.0
6.8782136e-09
0.0
0.0
0.0
-1.7728566e-07
0.0
0.0
-6.172339e-06
0.0
0.0
-5.5847007e-08
0.0
0.0
0.0
0.0
0.0
0.0
9.2946226e-07
0.0
0.0
0.0
0.0
0.0
0.0
0.0
0.0
0.0
0.0
0.0
0.0
0.0
-6.1104356e-07
1.0330845e-06
0.0
-1.0235198e-05
-2.3218291e-08
0.0
0.0
0.0
0.0
0.0
0.0
0.0
9.084884e-08
0.0
0.0
0.0
1.1492433e-05
0.0
0.0
1.7543467e-06
-9.994707e-08
0.0
0.0
1.2959853e-06
0.0
0.0
0.0
-3.7710944e-08
0.0
0.0
0.0
2.720129e-05
0.0
0.0
0.0
0.0
0.0
0.0
0.0
0.0
-5.421438e-07
0.0
0.0
0.0
0.0
0.0
0.0
1.046191e-05
0.0
0.0
0.0
0.0
1.1274125e-06
0.0
0.0
-4.937947e-06
0.0
0.0
0.0
0.0
0.0
0.0
0.0
0.0
0.0
0.0
0.0
0.0
0.0
1.6701957e-06
5.3945673e-06
0.0
0.0
0.0
0.0
9.531223e-08
0.0
0.0
1.7680213e-07
0.0
-1.9474336e-07
0.0
0.0
1.7009588e-05
8.263266e-06
1.4879536e-06
0.0
0.00010332477
0.0
0.0
0.0
0.0
1.8778324e-05
0.0
6.913434e-08
0.0
0.0
0.0
5.1697907e-07
0.0
-3.2449677e-08
0.0
0.0
0.0
0.0
0.0
0.0
0.0
0.0
2.0303617e-07
7.28404e-07
0.0
0.0
0.0
0.0
0.0
0.0
0.0
0.0
0.0
0.0
0.0
-2.5908324e-05
0.0
0.00020033965
0.0
0.0
0.0
0.0
1.7777039e-06
0.0
0.0
0.0
0.0
0.0
0.0
0.0
0.0001873843
-3.633913e-05
8.5752197e-07
0.0
0.0
0.0
0.0
0.0
0.0
0.0
4.9007935e-09
0.0
0.0
5.8494184e-06
0.0
0.0
0.0
0.0
0.0
0.0
0.0
0.0
0.0
0.0
0.0
0.0
5.200873e-10
0.0
0.0
0.0
0.0
0.0
0.0
0.0
0.0
0.0
0.0
0.0
5.760805e-08
0.0
2.8933612e-06
0.000104265455
2.4795142e-07
0.0
0.0
0.0
0.0
0.0
0.0
0.0
0.0
0.0
0.0
0.0
0.0
0.0
0.0
0.0
0.0
0.0
-3.2082484e-05
7.943458e-06
-9.9531185e-08
2.0036003e-07
3.7317042e-07
0.0
-4.001777e-06
0.0
0.0
0.0
-6.756707e-05
0.0
-1.3933601e-07
1.5727838e-06
4.8976267e-09
0.0
0.0
0.0
0.0
0.0
7.8209176e-08
0.0
0.0
0.0
0.0
-1.933523e-05
0.0
0.0
0.0
0.0
0.0
0.0
0.0
3.0277401e-06
0.0
0.0
0.0
0.0
0.0
0.0
0.0
0.0
0.0
0.0
0.0
0.0
0.0
0.0
0.0
0.0
0.0
0.0
0.0
0.0
-4.3666555e-06
0.0
0.0
0.0
0.0
0.0
0.0
0.0
0.0
0.0
0.0
0.0
0.0
0.0
0.0
0.0
0.0
-3.6953554e-06
-7.1905143e-10
0.0
0.0
0.0
0.0
0.0
0.0
0.0
1.5761914e-05
-9.724445e-07
0.0
0.0
0.0
0.0
0.000414228
0.0
0.0
0.0
0.0
6.7531755e-07
0.0
0.0
-2.1066342e-06
0.0
0.00012071208
0.0
0.0
0.0
0.0
0.0
1.0673908e-07
-1.2638792e-08
0.0
0.0
0.0
0.0
0.0
0.0
0.0
-1.8379033e-05
0.0
0.0
-1.1385172e-08
0.0
0.0
-7.941153e-07
0.0
0.0
0.0
0.0
4.219599e-06
0.0
0.0
-1.7057625e-06
0.0
0.0
5.2384576e-06
0.0
3.428927e-07
0.0
0.0
0.0
0.0
0.0
0.0
0.0
0.0
0.0
0.0
0.0
0.0
0.00034543866
0.0
1.7853095e-06
0.0
1.0844934e-06
0.0
0.0
0.0
0.0
0.0
0.0
1.8821906e-08
-8.8309315e-09
0.0
0.0
0.0
0.0
0.0
0.0
-6.1320386e-11
0.0
0.0
0.0
0.0
0.0
0.0
0.00050769956
0.0
0.0
0.0
0.0
1.2799295e-06
0.0
0.0
0.0
0.0
0.0
0.0
0.0
0.0
0.0
0.0
0.0
0.0
0.0
7.2925263e-07
0.0
0.0
0.0
0.0
0.0
0.0
0.0
3.720192e-06
8.348438e-06
0.0
0.0
0.0
0.0
3.4777835e-07
0.0
0.0
3.6674417e-05
3.897522e-07
5.5310356e-05
0.0
0.0
1.6047778e-07
0.0
0.0
0.0
0.0
0.0
5.5442e-07
-8.0407847e-07
0.0
1.2906712e-06
0.0
5.7418478e-05
3.3208873e-06
0.0
2.681098e-06
0.0
3.7232232e-05
0.0
0.0
0.0
0.0
0.0
0.0
0.0
0.0
0.0
0.0
0.0
0.00012934253
0.0
0.0
0.0
0.0
0.0
0.0
0.0
1.6680217e-05
0.0
0.0
0.0
0.0
0.0
0.0
4.7802292e-08
0.0
0.0
0.0
0.0
0.0
0.00096225174
1.3074828e-05
0.0
0.0
0.0
0.0
0.0
0.00018534616
-6.548539e-08
0.0
0.0
0.0
0.0
0.0
1.74225e-07
0.0
0.0
0.0
0.0
6.791681e-07
0.0
6.4044566e-06
-1.7883636e-06
0.0
0.0
0.0
0.0
0.0
-1.8399321e-08
0.0
0.0
0.0
7.1306626e-05
0.0
0.00016188314
9.4251e-09
0.0
0.0
0.0
0.0
0.0
5.9270246e-07
0.0
1.3057006e-06
0.0
0.0
0.0
0.0
0.0
0.0
0.0
0.0
0.0
0.0
0.00016505574
0.0
0.0
0.0
0.0
0.0
8.95909e-07
0.0
2.4871191e-05
0.0
0.0
-1.3367124e-06
0.0
5.5364975e-08
0.0
0.0
-1.6921214e-05
0.0
5.037736e-06
-5.128238e-07
0.0
0.0
0.0
0.0
0.0
0.0
0.0
0.0
0.0003114457
0.0
0.0
0.0
5.5141936e-07
0.0
0.0
0.0
0.0
0.0
0.0
0.0
3.086022e-07
0.0
0.0
0.0
0.00027318098
0.0
0.0
0.0
0.0
1.0504723e-06
-2.0248317e-06
2.8299482e-07
0.0
0.0
0.0
0.0
-8.577301e-08
0.0
0.0
0.0
0.0
0.0
1.9133679e-05
0.0
0.0
0.0
0.0
0.0
0.0
0.0
-3.1754166e-10
0.0
0.0
1.0308004e-05
-2.9579896e-06
-0.00033892388
0.0
0.00012359614
0.0
0.0
-7.535635e-08
0.0
0.0
0.0
0.0
0.0
0.0
0.0
0.0
0.0
0.0
0.0
0.0
-1.4165668e-07
8.5690794e-05
0.0
-6.214196e-08
0.0
0.0
0.0
0.0
0.0
0.0
0.0
0.0
0.0
4.0291928e-07
-1.1174113e-08
0.0
0.0
0.0
0.0
0.0
0.0
0.0
-3.8274615e-07
0.0
0.0
0.0
2.8790468e-05
0.0
0.0
0.0
4.835286e-07
0.0
0.0
0.0
0.0
0.0
0.0
0.0
0.0
0.0
0.0
5.4861737e-09
0.0
4.3011146e-06
0.0
0.0
0.0
0.0
0.0
0.0
0.0
0.0
0.0
0.0
0.0
-5.8652044e-05
0.0
0.0
0.0
0.0
0.0
9.078188e-09
0.0
0.0
0.0
0.0
0.00015685416
0.0
8.6293236e-05
0.0
4.9884675e-06
0.0
0.0
0.0
0.0
0.0
0.0
0.0
0.0
0.0
0.0
4.872584e-05
0.00022846
-5.1910854e-05
0.0
0.0
-6.082404e-09
-3.2638254e-09
7.16028e-05
0.0
0.0
7.076388e-05
0.0
0.0
0.0
0.0
5.5291643e-08
0.0
0.0
0.0
0.0
0.0
0.0
0.0
0.0
0.0
0.0
0.0
0.0
0.0
0.0
0.0
0.0
0.0
0.0
0.0
0.0
0.0
0.0
0.0
-2.8543682e-06
0.0
0.0
0.0
1.6058928e-07
0.0
0.0
0.0
0.0
-8.782941e-10
0.0
0.0
0.0
0.0
0.0
0.0
0.0
0.0
0.0
0.0
0.0
0.0
-8.4663686e-11
-1.3711683e-05
0.0
0.0
0.0
0.0
1.2270743e-06
0.0
0.0
0.0
0.0
0.0
0.0
0.0
1.6664313e-06
2.7054448e-06
0.00030155183
0.0
0.0
1.974569e-06
-9.4076256e-08
0.0
0.0
0.0
0.0
0.00013445616
0.0
0.0
3.5866133e-06
0.0
0.0
0.0
0.0
0.0
0.0
0.0
0.0
1.4829349e-05
0.0
0.0
0.0
0.0
0.0
0.0
0.0
2.330763e-07
0.0
0.0
0.0
0.0
0.0
-4.13162e-06
0.0
0.0
0.0
0.0
0.0
-3.3436388e-07
0.0
0.0
0.0
0.0
0.0
0.0
0.0
0.0
0.0
1.0110275e-05
8.129035e-09
0.0
1.3784315e-10
0.0
5.0277325e-08
0.0
0.0
0.00016691085
0.0
0.0
0.0
0.0
0.0
0.0
0.0
0.0
0.0
0.0
0.0
0.0
0.0
0.0
0.0
6.3919174e-06
6.0997913e-06
3.321024e-08
0.0
0.0
0.0
0.0
0.0
0.0
0.0
0.0
0.0
0.0
6.2286585e-06
-4.655387e-08
0.0
0.0
0.0
0.0
3.9019997e-07
0.0
0.0
1.6886268e-07
0.0
0.0
7.4005664e-05
0.0
0.0
0.0
0.0
0.0
0.0
0.0
0.0
0.0
-3.1534054e-08
0.0
0.0
0.0
0.0
0.0
0.0
0.0020082712
0.0
0.0
-6.5879794e-07
0.0
0.0
0.0
0.0
0.0
-2.1489174e-07
0.0
1.4645304e-06
0.00055235036
0.0
0.0
0.0
0.0
0.0
3.6512174e-06
0.0
0.0
0.0
9.1276714e-05
0.0
0.0
1.1429341e-06
0.0
1.5699108e-06
0.0
0.0
0.0
0.0
0.0
0.0
0.0
0.0
0.0
0.0
0.0
0.0
0.0
0.0
0.0
0.0
3.2719651e-09
0.0
0.0
-5.5349396e-06
0.0
0.0
0.0
0.0
0.0
0.0
0.0
0.0
0.0
0.0
0.0
-9.3716235e-06
1.5334906e-07
0.0
0.0
0.0
0.0
-3.9163936e-07
0.0
0.0
0.0
0.0
0.0
0.0
0.0
0.0
0.0
0.0
0.0
0.0
0.0
0.0
0.0
0.0
0.0
0.0
-4.606266e-07
0.0
0.0
0.0
0.0
0.0
0.0
0.0
0.0
0.0
0.0
0.0
0.0
0.0
0.0
0.0
8.11534e-09
-3.9468268e-10
0.0
0.0
0.0
0.0
0.0
0.0
0.0
-2.4445882e-08
0.000101595426
0.0
0.0
0.0
-2.7496355e-06
0.0
0.0
0.0
0.0
0.0
0.0
0.0
0.0
0.0
8.9651185e-06
0.0
1.2614433e-10
0.0
1.0354288e-07
4.0348633e-07
0.0
0.0
0.0
4.336813e-05
0.0
0.0
0.0
0.0
0.0
1.9984054e-05
0.0
0.0
0.0
0.0
0.0
0.0
-1.5461557e-08
0.0
0.0
0.0
0.0
-2.9121524e-05
0.0
0.0
0.0
0.0
1.3201839e-07
0.0
0.0
0.0
0.0
0.0
-3.7152447e-06
0.0
0.0
5.1692416e-05
0.0
-4.4248785e-07
-1.7815354e-07
0.0
0.0
0.0
0.0
0.0
0.0
0.0
1.4119526e-06
0.0
0.0
0.0
0.0
0.0
-2.1430724e-05
0.0
0.0
0.0
0.0
3.3699038e-07
0.0
0.0
7.642021e-05
3.0411788e-11
0.0
0.0
0.0
0.0
0.0
0.0
0.0
0.0
0.0
0.0
0.0
0.0
0.0
7.118401e-07
0.0
0.0
0.0
0.0
0.0
0.0
-2.364322e-05
0.0
1.6537645e-09
0.0
0.0
0.0
0.0
0.0
0.0
0.0
0.0
0.0
9.645936e-07
0.0
0.0
0.0
0.0
0.0
0.0
1.6052513e-09
-1.1377291e-07
3.879407e-09
0.0
0.0
0.00018644538
-7.5327625e-06
4.6939224e-08
0.0
0.0
0.0
0.0
0.0
0.0
0.0
0.0
0.0
0.0
0.0
-2.0531004e-05
0.0
2.0912925e-05
0.0
0.0
0.0
0.0
0.0
0.0
0.0
0.0
0.0
0.0
0.0
0.0
0.0
7.0021233e-06
0.0
0.0
-2.0657112e-08
0.0
0.0
0.0
0.0
0.0
0.0
0.0
0.0
0.0
0.0
0.0
-3.517501e-06
0.0
0.0003561253
0.0
0.0
0.0
0.0
0.0
-3.6965068e-07
0.0
0.0
0.0
0.0
0.0
0.0
0.0
0.0
0.0
1.8562647e-05
1.6704317e-06
0.0
0.0
0.0
0.0
0.0
-7.2778064e-08
6.1027126e-06
0.0
3.8672137e-05
0.0
0.0
0.0
0.0
0.0
0.0
0.0
0.0
-9.195255e-07
0.0
0.0
-2.8552012e-07
0.0
0.0
0.0
1.2469249e-06
0.0
0.0
3.7024965e-09
7.635295e-07
8.777002e-08
0.0
0.0
0.0
0.0
0.0
2.821991e-12
0.0
0.0
0.0
0.0
2.174722e-07
0.0
0.0
0.0
0.0
0.0
0.0
0.0
0.0
-1.3938222e-06
0.0
0.0
-6.9980946e-05
0.0
0.0
0.0
0.0
0.000611443
0.0
0.0
0.0
0.0
-3.665567e-09
0.0
0.0
0.0
0.0
0.0
0.0
0.0
0.0
0.0
0.0
0.0009787815
0.0
0.0
0.0
0.0
0.0
0.0
0.0
0.0
-1.451252e-08
0.0
4.979585e-06
0.0
0.0
0.0
0.0
0.0
0.0
0.0
-9.501408e-06
0.0
0.0
0.0
0.0
0.0
0.0
0.0
0.0
0.0
0.0
2.2592621e-05
0.0
0.0
3.460961e-08
0.0
-1.2425825e-07
0.0
0.0
0.0
0.0
0.0
0.0
0.0
0.0
4.058968e-05
0.0
-1.3488412e-05
1.7964439e-07
0.0
0.0
7.3313436e-07
-1.2266358e-06
0.0
0.0
0.0
0.0
0.0
0.0
0.0
0.0
0.00014643681
0.0
6.416474e-06
0.0
0.00012997598
-9.635489e-10
0.0
1.6880142e-09
0.0
0.0
0.0
0.0
3.8925165e-05
0.0
1.1080244e-06
0.0
0.0
0.0
0.0
0.0
0.0
0.0
8.923637e-07
0.0
0.0
0.0
0.0
0.0
0.0
1.1085621e-05
0.0
0.0
0.0
0.0
0.0
0.0
0.0
0.0
0.0
0.0
0.0
0.0
1.1552765e-05
4.7899243e-06
0.0
0.0
0.0
0.0
3.808647e-07
0.0
0.0
0.0
0.0
0.0
0.0
0.0
0.0
0.0
0.0
0.0
0.0
0.0
0.0
0.0
0.0
0.0
-8.266592e-10
0.0
0.0
0.0
0.0
0.0
0.0
0.0
0.0
9.621849e-08
0.0
0.0
0.0
0.0
0.0
0.0
0.0
0.0
0.0
0.0
0.0
0.0
-6.8988734e-06
0.0
0.0
0.0
0.0
0.0
0.0
0.0
1.8633501e-06
0.0
0.0
0.0
0.0
-4.197297e-08
4.4924906e-05
0.0
0.0
0.0
0.0
4.921786e-07
0.0
9.456902e-06
0.0
0.0
0.0
0.0
0.0
0.0
0.0
6.2242275e-06
0.0
-1.6629165e-05
0.0
0.0
7.932592e-05
6.398977e-09
0.0
0.0
0.0
0.0
0.0
-4.8456307e-08
0.0
-5.118961e-07
0.0
-1.5604897e-08
-1.7219922e-11
0.0
0.0
0.0
3.0563374e-06
0.0
0.0
0.0
0.0
0.0
1.0846269e-06
0.0
0.0
0.0
0.0
0.0
0.0
-1.6144642e-09
6.268877e-07
0.0
0.0
0.0
0.0
4.314815e-07
0.0
0.0
0.0
0.0
0.0
0.0
0.0
0.0
0.0
0.0
0.0
0.0
0.0
0.00028132045
7.14197e-05
0.0
0.0
0.0
4.1022568e-09
0.0
0.0
0.0
3.0571312e-06
0.00017467675
1.4732974e-06
7.160519e-05
-4.6489877e-08
0.0
0.0
0.0
-0.0002588921
0.0
-2.0833388e-08
8.0433e-05
0.0
0.0
0.0
0.0
-2.9317369e-09
0.0
0.0
0.0
0.0
0.0
0.0
0.0
0.0
0.0
0.0
1.6789028e-05
0.0
4.282292e-05
0.0
-9.31001e-06
0.0
0.0
-7.7153366e-08
-1.7306375e-08
0.0
0.0
0.0
0.00021416995
0.0
0.0
0.0
0.0
0.0
0.0
0.0
0.0
0.0
0.0
0.0
0.0
0.0
1.7605277e-06
0.0
0.0
1.5330446e-05
2.3018559e-07
-1.4599732e-06
0.0
0.0
0.0
0.0
0.0
0.0
0.0
0.0
0.0
0.0
-3.1285063e-09
0.0
3.5806727e-07
1.143896e-10
0.0
0.0
0.0
0.0
0.0
0.0
-1.7100547e-06
-1.2903263e-07
0.0
0.0
0.0
0.0
0.0
0.0
0.0
0.0
0.0
0.0
0.0
0.0
0.0
0.0
0.0
0.0
0.0
0.0
0.0
0.0
0.0
0.0
0.0
0.0
0.0
6.0541197e-06
4.3463595e-05
0.0
-4.2904354e-08
0.0
5.7949737e-06
0.0
0.0
0.0
0.0
0.0
0.0
0.0
0.0
0.0
0.0
3.4745476e-06
1.1257246e-06
2.2057723e-06
-1.2749679e-07
0.0
0.0
0.0
0.0
0.0
0.0
5.0179045e-07
0.0
0.0
0.0
0.0
1.4460354e-05
0.0
0.0
0.0
0.0
0.0
0.0
0.0
0.0
0.0
0.0
0.0
0.0
0.0
0.0
-1.9296755e-07
2.7918059e-06
0.0
0.0
0.0
0.0
0.0
0.0
0.0
0.0
1.1820928e-06
0.0
0.0
0.0
0.0
0.0
0.0
0.0
0.0
0.0
0.0
0.0
0.0
0.0
0.0
-3.7256048e-06
0.0
0.0
0.0
0.0
0.0
0.0
0.0
0.0
0.0
0.0
5.0922625e-07
0.0
0.0
0.0
4.6118748e-07
0.0
0.0
9.671484e-08
0.0
-3.5038366e-07
0.0
0.0
0.0
0.0
-1.5067481e-08
2.520507e-06
0.0
0.0
0.0
-4.2624808e-07
0.0
0.0
0.0
0.0
0.0
0.0
0.0
0.0
3.7218747e-06
0.0
0.0
0.0
0.0
0.0
0.0
0.00021899976
0.0
0.0
0.0
0.0
0.0
0.0
-5.4924104e-08
0.0
0.0
0.0
0.0
0.0
0.0
2.4201304e-07
1.832865e-08
0.0
1.1592178e-06
0.0
0.0
5.2007306e-07
-1.7097944e-05
0.0
-7.722647e-06
0.0
0.0
0.0
1.9130674e-07
0.0
3.8797822e-07
0.0
0.0
0.0
5.7125646e-07
0.0
0.0
5.8906437e-05
0.0
0.0
0.0
-1.6214773e-06
0.0006587501
0.0
0.0
0.0
0.0
0.0
0.0
-3.766763e-11
3.108832e-05
-3.3669464e-06
7.3136357e-07
0.0
0.0
0.0
0.0
0.0
0.0
0.0
0.0
0.0
0.0
0.0
0.0
0.0
0.0
0.0
0.0
0.0
0.0
0.0
0.0
0.0
0.0
2.9211298e-05
0.0
-1.5088144e-05
0.0
0.0
4.156008e-06
0.0
0.0
0.0
-7.119916e-07
0.0
2.1511246e-08
-3.4104892e-07
-1.45529e-10
1.6425018e-08
0.0
0.0
-5.254058e-08
0.0
0.0
0.0
0.0
0.0
0.0
0.0
0.0
2.3080352e-07
0.0
0.0
0.0
0.0
0.0
0.0
0.0
0.0
0.0
0.0
0.0
0.0
0.0
0.0
0.0
0.0
0.0
0.0
0.0
3.1358175e-06
0.0
0.0
0.0
3.2981057e-05
-1.3609868e-05
0.0
0.0
0.0
0.0
0.0
0.0
-1.2780979e-08
0.0
0.0
0.0
0.0
0.0
0.0
0.0
0.0002546336
0.0
0.0
0.0
0.0016491963
0.0
2.7467784e-05
0.0
0.0
4.8531053e-08
0.0
0.00011093922
0.0
0.0
0.0
5.786726e-07
0.0
0.0
0.0
0.0
0.0
5.7911195e-05
-1.2104462e-09
0.0
0.0
0.0
0.0
-7.9863463e-07
-4.9132662e-08
0.0
6.846499e-06
0.001368372
0.0
0.0
0.0
0.00019096427
0.0
-6.847615e-10
0.0
0.0
0.0
0.0
0.0
0.0
0.0
-9.534398e-10
0.0
0.0
0.0
0.0
0.0
0.0
0.0
0.0
0.00044334764
1.1309044e-06
0.0
0.00017606674
0.0
0.0
0.0
0.0
0.0
0.0
0.0
0.0
2.3620424e-07
0.0
-5.1912025e-10
0.0
0.00018152973
0.0
0.0
0.0
0.0
0.0
0.0
0.0
0.0
0.0
2.5066256e-06
0.0
0.0
0.0
0.0
0.0
0.0
0.0
0.0
7.106833e-06
4.508815e-09
0.0
0.0
0.0
0.0
1.6022259e-06
0.0
0.0
0.0
0.0
0.0
0.0
0.0
0.0
1.6657611e-06
7.7114635e-08
0.0
0.0
-1.4788629e-06
0.0
0.0
0.0
-1.6546317e-05
-2.3648743e-05
1.2853039e-06
0.0
0.0
0.0
0.0
0.0
6.2961913e-06
0.0
0.0
0.0
0.0
0.0
0.0
0.0
0.0
0.0
0.0
0.0
0.0014975511
5.649365e-08
0.0
0.0
0.0
0.0
0.0
0.0
1.2134938e-06
0.0
0.0
0.0
0.0
0.0
-5.003475e-10
0.0
0.0
0.0
0.0
0.0
0.0
0.0
0.00013293559
0.0
0.0
1.0682456e-05
0.0
0.0
0.0
0.0
0.0
0.0
0.0
0.0
0.0
2.4542905e-07
0.0
0.0
0.0
0.0
0.0
0.0
0.0
1.4100404e-10
0.0
-2.8928238e-07
6.0450555e-05
0.0
0.0
0.0
-6.8078354e-10
-5.8220996e-07
0.0
0.0
0.0
0.0
0.0
0.0
0.0
0.0
0.0
6.4240584e-07
0.0
0.0
0.0
0.0
0.0
0.0
5.1201914e-07
0.0
0.0
0.0
0.0
0.0
-7.9052175e-11
0.0
4.412708e-06
0.0
5.9949275e-06
0.0
0.0
0.0
0.0
-3.3933546e-12
0.0
0.0
1.000614e-07
0.0
0.0
0.0
0.0
4.0607716e-05
0.0
0.0
0.0
0.0
0.0
0.0
0.0
0.0
0.0
0.0
0.0
0.0
-7.455383e-07
1.0319526e-06
0.0
0.0
6.009139e-07
-7.752259e-09
0.0
0.0
0.0
8.4077255e-06
0.0
0.0
0.0
0.0
0.0
3.782136e-11
2.529663e-08
0.0
0.0
0.0
0.0
-1.283917e-07
0.0
0.0
-6.683928e-06
0.0
0.0
0.0
0.0
0.0
0.0
0.0
0.0
0.0
0.0
0.0
0.0
0.0
0.0
0.0
0.0
0.0
1.0061241e-05
1.9047341e-06
0.0
1.851521e-06
1.2439762e-06
2.6057396e-08
0.0
0.0
0.0
0.0
0.0
5.947693e-06
0.0
0.0
0.0
0.0
-1.6156648e-07
0.0
0.0
0.0
0.0
0.0
0.0
0.0
0.0
0.0
0.0
-1.951849e-09
-1.021595e-05
0.0
0.0
0.0
0.0
0.0
0.0
0.0
0.0
0.0
0.0
4.579001e-06
5.0543917e-08
-1.5039202e-09
0.0
0.0
0.0
0.0
0.0
0.0
0.0
0.0
0.0
0.0
0.0
3.395644e-06
0.0
0.0
0.0
0.0
0.0
0.0
2.7468388e-06
0.0
0.0
0.0
0.0
0.0
0.0
2.7305134e-06
0.0
0.0
0.0
2.5105552e-05
0.0
-1.2797367e-05
0.0
0.0
1.2352583e-05
0.0
-3.1837564e-07
0.0
0.0
0.0
0.0
0.0
0.0
0.0
0.0
0.0
1.0921963e-08
0.0003644635
0.0
0.0
0.0
0.0
0.0
0.0
-2.7666514e-08
0.0
0.0
0.0
0.0
0.0
0.0
0.0
0.0
0.0
0.0
0.0
0.0
3.1254935e-06
-4.7034277e-08
0.0
0.0
0.0
0.0
0.0
-3.233282e-09
0.0
0.0
0.0
0.0
0.0
0.0
0.0
0.0
0.0
-7.677758e-10
2.2348897e-06
0.0
0.0
0.0
0.0
-4.9788142e-09
0.0
1.441393e-06
0.0
2.1596392e-05
0.0
0.0
0.0
0.0
0.0
0.0
0.0
0.0
0.0
0.0
0.0
0.0
0.0
0.0
0.0
0.0
0.0
0.0
0.0
-6.8539303e-09
0.0009565083
0.0
0.0
0.0
0.0
0.0
9.384664e-06
0.0
2.3714525e-05
0.0
0.0
0.0
3.9677754e-05
-3.8094114e-10
0.0
0.0
0.0
0.0
-3.7022666e-08
0.0
-1.9283513e-08
3.1618338e-06
0.0
0.0
0.000104001316
0.0
3.0224215e-05
0.0
0.0
0.0
0.0
0.0
0.0
0.0
0.0
0.0
0.0
0.0
0.0
0.0
0.0
0.00010558157
0.0
0.0
0.0
0.0
0.0
0.0
0.0
0.0
0.0
6.214804e-05
0.0
0.0
0.0
0.0
0.0
0.0
-7.639029e-08
1.793472e-06
0.0
0.0
0.0
0.0
0.0
0.0
0.0
0.0
0.0
0.0
0.0
9.2566944e-07
0.0
0.0
2.6670872e-07
0.0
7.9230637e-07
8.845584e-05
0.0
0.0
6.1126336e-08
0.0
1.1191141e-07
0.0
0.0
0.0
0.0
0.0
0.0
-1.879001e-09
0.0
3.913902e-06
0.0
0.0
0.0
-5.4340256e-07
0.0
0.0
0.0
-1.2942881e-07
1.1089421e-05
0.0
0.0
1.3528378e-05
0.0
0.0
0.0
0.0
0.0
1.4225585e-06
0.0
0.0
0.0
0.0
0.0
0.0
0.0
0.0
0.0
0.0
-4.3858302e-11
0.0
0.0
4.20711e-11
0.0
4.571226e-07
0.0
0.0
0.0
0.0
0.0
3.3473468e-06
0.0
0.0
0.0
0.0
0.0
6.090804e-06
0.0
0.0
5.858668e-08
0.0
0.0
1.4565846e-06
-9.826935e-07
0.0
0.0
0.0
0.0
0.0
3.0104604e-05
0.0
0.0
0.0
0.0
0.0
0.0
0.0
0.0
0.0
0.0
0.0
0.0
0.0
0.0
0.0
3.774071e-05
0.0
2.0304498e-05
0.0
-2.2987113e-06
0.0
0.0
6.5415384e-09
0.0
0.0
0.0
-1.4840537e-06
0.0
0.0
0.0
0.0
0.0
0.0
0.0
-2.0461653e-07
0.0
-2.1688827e-06
0.000113529786
0.0
0.0
0.0
0.0
0.0
0.0
0.0
0.0
0.0
0.0
0.0
0.0
0.0015536499
0.0
0.0
0.0
0.0
0.0
1.4436878e-06
1.9269579e-05
0.000108766195
2.8443182e-07
0.0
0.0
0.0
0.0
0.0
0.0
0.0
0.0
0.0
0.0
0.0
-2.152018e-06
0.0
0.0
6.2406104e-07
0.0
-1.2363378e-06
0.0
0.0
0.0
0.0
0.0
0.0
0.0
1.5444004e-07
0.0
0.0
-1.5133031e-06
0.0
0.0
0.0
0.0
0.0
0.0
0.0
0.0
0.0
0.0
0.0
0.0
-4.221599e-06
0.0
0.0
0.0
-3.9778815e-06
0.0
0.0
0.0
0.0
0.00010856652
0.0
0.0
4.3602944e-07
0.0
-6.284784e-11
0.00026440513
0.0
0.0
0.0
0.0
0.0
0.0
0.0
0.0
0.0
0.0
0.0
0.0
0.0
0.0
2.602974e-07
0.0
0.0
0.0
0.0
0.0
0.0
0.0
0.0
0.0
0.0
0.0
1.7208922e-05
0.0
5.0863073e-06
0.0
0.0003216033
0.0
0.0
0.0
0.0
3.0230498e-05
0.0
0.0
1.5048063e-05
0.0
0.0
0.0
0.0
6.36432e-06
0.0
0.0
0.0
0.0
0.0
0.0
0.0
0.0
0.0
0.0
0.0
0.0
0.0
0.0
7.9065445e-05
0.0
0.0
0.0
0.000117783144
0.0
0.0
0.0
7.4830727e-06
0.0
1.2615001e-07
0.0
1.4491823e-07
0.0
-3.01601e-05
0.0
0.0
1.0467026e-08
0.0
1.9472265e-07
0.0
0.0
8.592163e-09
-1.5548163e-05
0.0
0.0
1.3621568e-05
-1.8812741e-05
-7.5542694e-14
1.0437505e-05
0.0
0.0
0.0
0.0
0.0
0.0
0.0
0.0
8.172926e-08
-1.4954149e-07
0.0
1.3887105e-05
0.0
0.0
0.0
-7.474741e-07
0.0
0.0
0.0
0.0
0.0001662912
0.0
0.0
0.0
0.0
0.0
0.0
0.0
7.79167e-06
0.0
0.0
0.0
0.0
1.6486146e-06
0.0
0.0
0.0
0.0
0.0
0.0
0.0
-2.1378667e-06
0.0
0.0
0.0
0.0
0.0
0.0
0.0
-7.1222917e-06
0.0
0.0
2.0713669e-05
0.0
0.0
0.00010304933
0.0
0.0
0.0
0.0
0.0
0.0
0.0
0.0
0.0
4.2547166e-05
0.0
0.0
0.0
0.0
0.0
7.1834547e-06
0.0
0.0
0.0
0.0
0.0
0.0
0.0
0.0
6.246501e-05
0.0
0.0
0.0
0.0
3.830147e-06
4.8410527e-07
0.0
0.0
0.0
0.0
0.0
0.0
1.4185372e-07
0.0
0.0
-1.6223368e-07
0.0
0.0
0.0
0.0
0.0
0.0
2.3331133e-05
0.0
3.549186e-05
0.0
0.0
0.0
1.798758e-07
-5.4539856e-07
0.0
0.0
0.0
0.0
0.0
0.0
0.0
0.0
3.562992e-07
-8.5744745e-07
0.0
0.0
0.0
0.0
0.0
0.0
5.7313246e-05
5.767685e-07
0.0
-1.2275233e-05
0.0
0.0
0.0
0.0
0.0
0.0
0.0
0.0
0.0
-5.1963656e-08
-3.0074783e-05
0.0
0.0
0.0
7.734063e-06
1.012619e-06
0.0
0.0
0.0
7.2120807e-09
0.0
0.0
0.0
0.0
0.0
0.0
0.0
0.0
0.0
0.0
0.0
0.0
0.0
0.0
0.0
0.0
0.0
0.0
0.0
0.0
0.0
0.0
-6.259356e-08
0.0
0.0
0.0
0.0
0.0
0.0
0.0
0.0
0.0
0.0
0.00014458623
0.0035480983
0.0
0.0
0.0
0.0
0.0
0.0
0.00015029743
0.0
0.0
0.0
0.0
0.0
0.0
0.0
0.0
3.527362e-07
0.0
-4.1011913e-07
0.0
0.0
0.0
1.192066e-08
0.0
1.4913726e-06
3.4273407e-06
0.0
0.0
0.0
0.0
0.0
0.0
0.0
0.0
0.0
0.0
0.0
0.0
5.7775416e-09
0.0
0.0
2.9780172e-09
0.0
0.0
0.0
0.0
0.0
0.0
0.00013086948
0.0
0.0
0.0
0.0
0.0
0.0
2.0391157e-08
0.0
0.0
0.0
0.0
0.0
0.0
0.0
0.0
0.0
0.0
0.0
0.0
-3.5493388e-06
0.0
0.0
0.0
0.0
0.0
0.0
0.0
3.0250585e-05
0.0
0.0
8.588627e-07
0.0
0.0
9.813367e-09
0.0
0.0
0.0
0.0
0.0
0.0
0.0
0.0
0.0
0.0
1.549757e-06
0.0
-1.8771459e-08
8.2074764e-10
0.0
0.0
0.0
-2.958941e-08
1.6720769e-07
0.0
2.163256e-07
0.0
-1.6678774e-08
0.0
0.0
4.2896972e-05
8.622443e-09
0.0
0.0
0.0
0.0
0.0
0.0
0.0
0.0
0.0
0.0
0.0
0.0
0.0
0.0
0.0
0.0
0.0
0.0
0.0
-1.2773835e-08
7.977313e-06
0.0
0.0
0.0
0.0
1.3437834e-07
0.0
0.0
0.0
0.0
0.0
0.0
0.0
0.0
-1.7519914e-09
0.0
0.0
0.0
0.0
0.0
0.0
0.00025499816
0.0
0.0
0.0
0.0
0.0
0.0
0.0
0.0
0.0
0.0
8.5106853e-07
0.0
0.0
3.229701e-08
0.0
0.0
0.0
0.00026596745
0.0
0.0
0.0
0.0
0.0
-2.1107593e-05
0.0
0.0
2.6717137e-07
0.0
0.0
0.0
0.0
0.0
0.0
0.0
0.0
0.0
0.0
0.0
0.0
0.0
0.0002885664
0.0
0.0
0.0
9.452981e-08
0.0
0.0
0.0
0.0
-2.2890346e-11
4.2880097e-06
0.0
0.0
0.0
0.0
0.0
0.0
0.0
0.0
0.0
0.0
0.0
0.0
0.0
0.00025275938
0.0
0.0
0.0
-2.302812e-08
0.0
0.0
0.0
0.0
0.0
0.0
0.0
0.0
0.0
0.0
-3.7559516e-08
-1.9977091e-07
1.8061638e-06
0.0
0.0
0.0
0.0
0.0
0.0
0.0
7.697149e-09
9.963984e-07
0.0
0.0
0.0
0.0
0.0
0.0
0.0
0.0
0.0
0.0
0.0
-2.5574036e-09
9.264139e-07
0.0
0.0
0.0
-1.6170225e-07
0.0
-6.0040324e-09
0.0
3.607746e-08
0.0
0.0
0.0
0.0
0.0
0.0
0.0
-3.3312233e-08
0.0
0.0
8.527867e-08
0.0
0.0
0.0
0.0
0.0
1.3731609e-05
6.0352206e-05
0.0
0.0
4.2003188e-07
0.0
0.0
0.0
1.9779094e-09
0.0
3.7405155e-08
0.0
0.0
0.0
0.00029918418
0.0
0.0
0.0
0.0
1.1804711e-06
0.0
0.0
0.0
0.0
0.0
0.0
5.936979e-09
0.0
7.11642e-06
0.0
7.771026e-05
0.0
0.0
7.5687757e-07
0.0
-2.4920578e-06
0.0
0.0
8.102215e-07
0.0
0.0
0.0
0.0
0.0
0.0
0.0
0.0
0.0005502714
0.0
0.0
0.0
1.3251144e-05
0.0
0.0
0.0
0.0
0.0
-1.0246576e-08
0.0
0.0005788129
0.0
0.0
0.0
0.0
0.0
0.0
-3.0131022e-07
0.0
0.0
0.0
0.0
8.498767e-06
0.0
0.0
0.0
0.0
-3.2738085e-06
0.0
0.0
0.0
0.0
0.0
0.0
0.0
0.0
0.0
0.0
0.0
0.0
6.023738e-07
0.0
0.0
0.0
0.0
0.0
0.0
3.1251318e-06
0.0
0.0
0.0
0.0
4.635979e-07
0.0
0.0
0.0
-4.0693348e-07
5.3323976e-07
2.5338234e-06
0.0
0.0
0.0
0.0
0.0
0.0
0.0
0.0
-1.0105654e-07
0.0
0.0
2.0626596e-06
0.0
0.0
0.0
0.0
0.0
8.996582e-05
0.0
0.0
0.0
0.0
0.0
-9.896701e-07
0.0
0.0
0.0
0.0
0.0
0.0
0.0
0.0
0.0
0.0
0.0
0.0
0.00018408334
0.0
0.0
0.0
0.0
0.0
0.0
0.0
0.0
0.0
4.298203e-06
1.500281e-07
0.0
-3.335123e-08
-6.688914e-06
1.1333895e-05
1.9786652e-05
-1.9576505e-09
0.0
0.0
0.0
0.0
0.0
0.0
0.0
0.0
4.2822676e-06
-5.998594e-07
0.0
0.0
0.0
3.5326813e-09
0.0
0.0
0.0
2.2708761e-08
0.0
0.0
0.0
0.0
0.0
0.0
0.0
0.0
0.0
0.00047395573
0.0
0.0
0.0
0.0
9.020139e-07
0.0
0.0
0.0
0.0
0.0
1.5578904e-07
2.606216e-06
5.895849e-09
0.0
0.0
0.0
0.0
0.0
0.0
0.0
0.0
0.0
0.0013800148
0.0
0.0
0.0
0.0
-5.887918e-08
0.0
0.0
0.0
0.0
0.0
0.0
0.0
0.00026226463
1.0968115e-05
0.0
0.0
0.0
0.0
0.0
-3.2256282e-06
0.0
0.0
7.348345e-05
0.0
0.0
0.00015472514
0.0
0.0025829296
0.0
0.0
0.0
0.0
0.0
0.0
0.0
0.0
0.0
0.0
0.0
0.0
0.0
0.0
0.0
0.0
0.0
-2.6700064e-10
-1.17682774e-07
0.0
0.0
0.0
0.0
0.0
0.0
0.0
0.0
0.0
0.0
0.0
0.0
0.0
0.0
0.0
0.0
0.0
0.0
0.0
0.0
0.0
0.0
0.0
0.0
0.00019904722
2.2442397e-07
0.0
-3.858061e-06
0.0
0.0
0.0
0.0
0.0
9.948855e-06
0.0
0.0
7.553146e-07
0.0
0.0
0.0
0.0
0.0
0.0
0.0
3.5107667e-05
0.0
0.0
0.0
0.0
0.0
0.0
0.0
-1.534644e-07
0.0
0.0
0.0
0.0
0.0
0.0
0.0
-8.2873066e-07
0.0
0.0
0.0
0.0
0.0
1.2820923e-05
0.0
0.0
0.0
0.0
0.0
0.0
0.0
0.0
-7.8229766e-07
-4.285679e-07
0.0
0.0
0.0
0.0
0.0
0.0
3.3674855e-08
0.0
1.7868495e-05
0.0
-3.149366e-07
0.0
0.0
0.0
0.0
7.3570795e-06
0.0
0.0
0.0
3.5040586e-09
0.0
1.5713465e-06
0.0
0.0
0.0
0.0
0.0
0.0
0.0
0.0
0.0
-1.5628991e-08
0.0
-2.2222996e-06
0.0
0.0
0.0
0.0
0.00014866852
0.0
0.0
5.705913e-06
2.607787e-07
0.0
0.0
0.0
0.0
1.4671515e-07
0.0
0.0
0.0
0.0
0.00021046333
0.0
0.0
0.0
7.736637e-09
0.0
9.908193e-07
0.0
0.0
0.0
9.511684e-08
0.0
0.0
0.0
0.0
-1.6631395e-08
0.0
0.0
0.0
0.0
0.0
0.0
0.0
0.0
0.0
0.0
0.0
0.0
0.0
-1.715754e-06
-8.774334e-06
0.0
0.0
-9.174351e-09
0.0
1.5626341e-07
3.5358526e-06
0.0
0.0
0.0
0.0
0.0
0.0
0.0
0.0
0.0
1.1002703e-05
0.0
4.7322585e-05
0.0
0.0
0.0
0.0
0.0
0.0
2.2589293e-06
4.394915e-08
0.0
0.0
-5.2386167e-06
0.0
0.0
3.2349223e-07
0.0
0.0
0.0
0.0
0.0
0.0
0.0
0.0
1.4146761e-08
0.0
0.0
0.0
0.0
0.0
7.833529e-06
0.0
0.0
-2.3376972e-06
0.0
0.0
0.0
0.0
0.0
-6.565926e-09
2.4589576e-07
0.0
0.0010634615
0.0
0.0
0.0
0.0
5.1930765e-06
0.0
0.0
0.0
0.0
0.0
-6.212963e-08
0.0
0.0
0.0
0.0
0.0
2.4276224e-07
0.0
0.0
0.0
-7.3406875e-07
0.0
0.0
0.0
1.9100316e-08
0.0
5.879264e-11
0.0
0.0
0.0
0.0
0.0
0.0
0.0
0.0
0.0
0.0
0.0
0.0
0.0
0.0
0.0
6.64196e-05
0.0
0.0
-7.7693323e-07
0.0
2.5438949e-06
0.0
0.0
0.0
0.0
0.0
0.0
0.0
0.0
-8.585068e-08
0.0
0.0
0.0
0.0
-4.953376e-06
0.0
0.0
0.0
0.0
0.0
0.0
0.0
0.0
0.0
0.0
0.0
0.0
0.0
0.0
0.0
0.0
1.6478407e-07
0.0
0.0
0.0
0.0
0.0
0.0
0.0
-3.5403275e-07
0.0
0.0
1.0325247e-06
0.0
0.0
0.0
0.0
0.0
9.835583e-07
0.0
0.00010340831
3.0846657e-08
2.3154992e-06
0.0
0.0
0.0
0.0
0.0
1.2207459e-08
0.0
0.00030615513
-7.755423e-07
0.0
-2.9820615e-09
0.0
0.0
0.0
0.0
0.0
0.0
0.0
0.0
0.0
-2.0148953e-08
0.0
0.0
0.0
0.0
5.5939005e-08
0.0
0.0
-1.0363925e-06
0.0
9.1630716e-07
0.0
0.0
0.0
0.0
-3.1681586e-06
0.0
0.0
1.1944971e-06
0.0
0.0
-5.9892665e-07
0.0
0.0
0.0
0.0
1.42730605e-05
1.0992726e-08
0.0
0.0
0.0
0.0
0.0
0.0
0.0
0.0
0.0
0.0
0.0
0.0
1.2825793e-05
2.5381319e-06
0.0
-1.1598587e-06
3.8220094e-11
-7.956893e-06
0.0
0.0
1.44355445e-05
0.0
0.0
0.0
0.0
0.0
0.0
-4.9975523e-07
0.0
0.0
0.0
0.0
0.0
4.1941216e-06
-1.6925684e-07
0.0
4.5366846e-06
0.0
0.0
0.00060758926
0.0
-4.419028e-10
-9.886349e-09
0.0
0.0
0.0
0.0
0.0
5.0766753e-06
0.0
0.0
0.0
0.0
4.3644948e-07
0.0
0.0
0.0
0.0
0.0
0.0
0.0
0.0
0.0
0.0
0.0
0.008431028
0.0
0.0
0.0
0.0
0.0
4.37512e-09
0.0
-2.7670868e-08
0.0
6.180598e-09
3.168897e-07
3.8008064e-08
0.0
0.0
0.0
0.0
0.0
5.582778e-06
0.0
0.0
0.0
6.1355343e-09
0.0
0.0
0.0
4.0150097e-09
0.0
0.0
0.0
0.0
0.0
0.0
0.0
0.0
0.0
0.0
0.0
2.6362984e-06
0.0
2.169171e-05
0.0
0.00021786163
0.0
0.0
0.0
0.0
0.0
-4.8958526e-08
0.0
0.0
0.0
0.0
9.071232e-07
0.0
0.0
0.0
0.0
0.0
0.0
0.0
0.0
0.0
3.245792e-05
6.615154e-08
0.0
8.004939e-07
0.0
0.0
0.0
0.0
0.0
0.0
0.0
0.0
0.0
0.0
0.0
0.0
2.5614909e-06
2.8950908e-05
0.0
-1.8411638e-08
1.0958893e-06
2.7439582e-05
0.0
0.0
0.0
0.0
0.0
0.0
0.0
0.0
0.0
0.0
0.0
0.0
0.0
1.2752902e-07
0.0
4.813436e-08
0.0
0.0
7.486178e-07
0.0
1.0850598e-06
5.8344006e-07
0.00016820329
7.546754e-05
0.0
0.0
0.0
1.1879543e-05
0.0
1.1031674e-06
1.729406e-06
0.0
0.0
-3.6506124e-06
2.6745698e-07
0.0
0.0
0.0
0.0
0.0
0.0
1.5514738e-08
0.0
5.879634e-07
0.0
0.0
0.0
0.0
0.0
0.0
0.0
0.0
0.0
1.0516421e-05
0.0
0.0
0.0
1.9332037e-06
0.0
0.0
0.0
0.0
-8.9786334e-07
0.0
-1.2025828e-07
-1.5461401e-09
0.0
0.0
-6.9740484e-09
0.0
0.0
0.0
2.2509306e-05
0.0
0.0
1.9180403e-08
9.947504e-05
0.0
0.0
3.0639422e-09
0.0
0.0
9.211122e-07
0.0
0.0
0.0
0.0
0.0
0.0
-1.3522641e-09
0.0
0.0
0.0
3.372112e-07
3.89538e-05
0.0
0.0
1.9437115e-07
0.0
0.0
0.0
0.0
0.0
0.0011934044
0.0
0.0
6.906992e-07
0.0
0.0
0.0
0.0
0.0
0.0
0.0
0.0
0.0
0.0
-8.1512474e-07
0.0
0.0
0.0
0.0
0.0
0.0
0.0
0.0
8.79614e-06
0.0
0.0
0.0
4.4889534e-06
0.0
1.0188887e-06
0.0
0.0
0.0
0.0
0.0
0.0
0.0
0.0
3.412125e-05
0.0
0.0
0.0
-2.3674419e-08
5.3310195e-08
0.0
0.0
0.0
1.19106254e-07
0.0
-6.163427e-07
0.0
2.7651274e-06
0.0
0.0
4.8190884e-07
0.0
0.0
0.0
0.0
0.0
0.0
0.0
0.0
0.0
0.0
0.0
-3.0881142e-07
0.0
0.0
0.0
0.0
0.0
-4.5140558e-05
2.425284e-06
0.0
0.0
0.0
0.0
0.0
0.0
0.0
0.0
0.0
0.0
0.0
4.47388e-06
0.0
0.0
0.0
0.0
0.0
0.0
0.0
0.0
0.0
0.0
4.1690961e-07
0.0
0.0
0.0
-8.461693e-06
0.0
0.0
0.0
0.0
0.0
0.0
0.0
0.0
0.0
0.0
0.0
0.0
0.0
-1.0979015e-08
0.0
-3.4057585e-10
0.0
0.0
0.0
0.0
0.0
0.0
4.764486e-07
0.0
0.0
0.0
0.00011509175
0.0
0.0
0.0
0.0024677643
0.0
0.0
4.847254e-06
0.0
0.0
3.5896876e-06
0.0
0.0
0.0
0.0
-1.0390925e-09
0.0
0.00032316224
3.4422843e-05
0.0
-7.137964e-06
1.301921e-07
1.641853e-07
0.0
0.0
0.0
0.0
3.6012643e-05
0.0
-1.6031215e-08
0.0
0.0
0.0
4.6450867e-05
0.0
0.0
0.0
0.0
-2.1681132e-08
0.0
0.0
0.0
0.0
0.0
0.0
0.0
0.0
0.0
0.0
1.7344057e-05
3.2263279e-06
0.0
0.0
0.0
0.0
0.0
-7.1905574e-06
0.0
0.0
0.0
0.0
0.0
0.0
2.418875e-06
0.0
0.0
0.0
1.3069862e-05
1.77371e-05
1.8216205e-07
4.675103e-06
0.0
0.0
0.0
9.216375e-06
0.0
5.176127e-06
0.0
0.0
0.0
0.0
0.0
0.0
0.0
0.0
5.331326e-07
0.0
0.0
-3.4662814e-11
0.0
0.0
0.0
0.0
0.0
0.0
0.0
0.0
0.0
0.0
4.7718163e-07
0.0
2.5732325e-07
0.0
0.0
0.0
2.9372855e-05
0.0
0.0
0.0
1.5557836e-08
4.443788e-09
0.0
0.0
0.0
0.0
0.0
0.0
0.0
2.1725724e-05
0.0
0.0
0.0
3.3145874e-08
0.0
1.4436679e-05
1.2602557e-06
3.5829805e-07
0.0
0.0
0.0
2.2725903e-06
0.0
1.2893953e-05
0.0
-6.7269943e-06
0.0
0.0
0.0
0.0
0.0
0.0
0.0
0.0
0.0
0.0
1.2565274e-05
0.0
3.6904398e-06
0.0
-3.0390167e-05
0.0
0.0
0.0
0.0
0.0
0.0
4.8685174e-06
0.0
0.0
0.0
1.6090041e-06
0.0
0.0
5.395743e-06
0.0
0.0
0.0
0.0
0.0
0.0
0.0
0.0
0.0
5.438863e-06
0.0
1.8710881e-07
0.0
0.0
0.0
0.0
0.0
0.0
0.0
0.0
0.0
0.0
0.0
0.0
0.0
2.3588138e-06
0.0
0.0
-1.2179177e-07
0.0
0.0
-8.214713e-08
7.698397e-06
0.0
0.0
0.0
0.0
0.0
7.836228e-06
-6.082982e-08
0.0
0.0
0.0
0.0
0.0
3.7393086e-08
0.0
-1.111455e-09
0.0
0.0
0.0
1.0166412e-05
0.0
0.0
0.0
0.0
0.0
0.0
0.0
4.9453047e-07
0.0
0.0
0.0
0.0
0.0
0.0
0.00068509596
0.0
-2.0986493e-10
0.0
0.0
2.5454096e-07
2.5329744e-05
0.0
0.0
6.5650374e-06
0.0
-9.771772e-09
0.0
8.512631e-08
-2.3318365e-11
0.0
0.0
0.0
5.7293815e-05
0.0
-2.6929404e-06
0.0
0.0
0.0
0.0
0.0
0.0
3.4188538e-06
0.0
0.0
0.0
0.0
0.0
0.000612531
-5.084552e-07
0.0
0.0
-2.2676033e-08
4.175517e-10
0.0
0.0
1.2464805e-08
0.0
0.0
0.0
8.4247935e-05
0.0
9.677275e-06
6.795411e-07
0.0
0.0
0.0
0.0
0.0
0.0
0.0
0.0
0.0
0.0
0.0
-2.5243752e-08
0.0
0.0
0.0
0.0
0.0
6.5821354e-08
0.0
0.0
-8.982238e-08
6.7969413e-06
0.0
-2.0128326e-07
2.1784385e-09
0.0
3.1701315e-05
0.0
0.0
0.0
0.0
6.9847056e-06
7.625916e-09
-2.7486754e-08
0.0
0.0
0.0
0.0
0.0
0.0
0.0
0.0
0.0
0.0
0.0
0.0
0.00011297788
0.0
0.0
6.0758384e-06
0.0
0.0
0.0
0.0
0.00029742674
0.0
0.0
0.0
2.3901546e-07
0.0
0.0
-6.070236e-07
0.0
0.0
2.1012313e-07
-1.0426838e-06
0.0
-3.5060197e-08
0.0
0.0
0.0
-2.3919188e-06
0.0
0.0
4.7693433e-05
0.0
0.0
0.0
0.0
0.0
0.0
0.0
0.0
0.0
0.0
0.0
-8.210141e-07
0.0
0.0
0.0
0.0
0.0
0.0
1.8373935e-06
0.0
0.0
0.0
-1.2037259e-06
0.0
2.1831236e-06
0.0
0.0
0.0
0.0
0.0
0.0
0.0
0.0
0.0
0.0
0.0
0.0
2.7330812e-05
0.0
0.0
0.0
0.0
0.0
0.0
0.0
0.0
0.0
0.0
0.0
0.0
0.0
0.0
0.0
0.0
0.0
9.4084135e-05
0.0
0.0
0.0
0.0
0.0
0.0
0.0
0.0
0.0
0.0
0.0
0.0
0.0
0.0
0.0
-6.594953e-07
0.0
0.0
0.0002776855
0.0
0.0
0.0
0.0
0.0
0.0
0.0
0.0
0.0
0.0
0.0
0.0
0.0
0.0
0.00030762458
7.592482e-08
0.0
0.0
0.0
-4.260799e-10
0.0
1.6153924e-06
0.0
0.0
1.5208672e-05
0.0
0.0
-6.305076e-08
0.0
0.0
0.0
0.0
2.2586304e-09
0.0
0.0
0.0
0.0
0.0
0.0
0.0
-1.7536571e-06
0.0
0.0
0.0
8.04325e-06
0.0
0.0
0.0
1.3833382e-05
0.0
0.0
0.0
3.7382404e-07
0.0
0.0
0.0
4.890229e-09
0.0
0.0
0.0
-0.0008187372
0.0
2.403513e-07
0.0
0.0
0.0
0.0
0.0
0.0
0.0
0.0
0.0
0.0
0.0
0.0
0.0
0.0
0.0
6.6358143e-07
0.0
0.0
0.0
0.0
0.0
0.0
0.0
-3.8926586e-07
0.0
0.0
0.0
0.0
0.0
0.0
0.0
0.0
0.0
0.0
2.0707827e-07
0.0
0.0
0.0
0.0
0.0
0.0
1.6098958e-06
1.7775884e-07
0.0
0.0
0.0
-2.625714e-07
2.1710315e-08
0.0
0.0
1.3309636e-05
0.0
0.0
0.0
0.0
0.0
0.0
-1.4972175e-06
0.0
1.5747568e-05
0.0
0.0
0.0
0.0
0.0
0.0
0.0
0.0
2.6169064e-07
-1.9600675e-06
0.0
0.0
0.0
2.5772888e-06
0.0
0.0
0.0
0.0
0.0
0.0
0.0
0.0
1.2738002e-07
0.0
0.0
0.0
2.272665e-06
0.0
0.0
-1.0883637e-07
0.0
0.0
0.0
0.0
0.0
0.0
3.15524e-06
0.0
0.0
0.0
0.0
0.0
-2.2862368e-09
0.0
0.0
0.0
0.0
0.0
5.6923378e-05
8.7454755e-06
0.0
2.4778033e-06
7.250541e-06
0.0
0.0
0.0
5.1629548e-05
0.0
0.0
6.638431e-05
0.0
0.0
5.9061347e-07
1.4439209e-05
0.0
0.0
0.0
0.0
-5.9257676e-08
0.0
0.0
0.0
0.0
1.7556671e-05
0.0
0.0
0.0
0.0
0.0
0.0
0.0
0.0
0.0
0.0
0.0
2.8260738e-05
-2.1104743e-06
0.0
3.7410691e-06
0.0
0.0
3.920106e-08
1.4975782e-07
0.0
0.0
-4.6177144e-07
-5.3412004e-06
0.0
0.0
0.0
0.0
0.0
0.0
0.0
0.0
0.0
7.399332e-05
6.4883143e-06
4.537203e-06
0.0
0.0
0.0
1.5189843e-06
0.0
0.0
0.0
4.895642e-07
0.0
-5.6539494e-07
1.9653718e-05
0.0
0.0
0.00020172952
0.0
0.0
0.0
1.338241e-06
0.0
0.0
0.0
0.0
0.0
0.0
0.0
0.0
-1.884923e-05
0.0
0.0
8.168799e-06
0.0
0.0
0.0
0.00035498568
0.0
0.0
0.0
0.0
0.0
1.6895147e-07
0.0
0.0
0.0
0.0
0.0
5.8235776e-07
0.0
0.0
0.0
0.0
0.0
0.0
0.0
0.00045679463
0.0
0.0
0.0
0.0
2.0097963e-07
0.0
0.0
-3.7224774e-07
0.0
2.1780597e-05
0.0
-4.6835667e-06
0.0
0.0
0.0
-3.945971e-07
0.0
-7.9465474e-07
1.18328146e-07
0.0
-1.6509757e-09
0.0
-1.9496436e-05
7.051087e-07
-3.63821e-10
4.406431e-05
0.0
0.0
0.0
0.0
1.22599856e-11
0.0
0.0
0.0
0.0
0.0
0.0
0.0
0.0
0.0
0.0
0.0
0.0
2.038965e-07
0.0
-7.889595e-09
0.0
0.0
0.0
0.0
0.0
0.0
0.0
0.0
2.876392e-07
0.0
0.0
2.9013223e-05
-1.804079e-05
0.0
0.0
0.0
0.0
0.0
-7.236168e-07
-1.9085517e-06
0.0
0.0
-1.325157e-07
0.0
0.0
0.0
0.0
9.911975e-10
0.0
0.0
0.0
0.0
7.0478476e-05
1.4814002e-07
0.0
0.0
1.4965914e-07
0.0
0.0
-1.2516322e-09
0.0
0.0
0.0
0.0
0.0
9.982316e-08
0.0
0.0
0.0
7.45481e-05
1.7159755e-05
0.0
0.0
0.0
0.0
0.0
0.0
0.0
0.0
0.0
0.0
2.835812e-06
0.0
0.0
0.0
0.0
0.0
0.0
0.0
0.0
4.871527e-05
0.0
0.0
0.0
0.0
1.3084609e-07
0.0
0.0
3.8891194e-08
0.0
0.0
0.0008652506
0.0
0.0
0.0
0.0
0.0
0.0
0.0
0.0
0.0
0.0
0.0
0.00061151554
0.0
0.0
0.0
0.0
0.0
0.0
0.0
0.0
0.0
2.4053332e-07
0.0
0.0
0.0
-1.5081101e-09
0.0
0.0
0.0
0.0
2.346615e-06
-2.7823395e-08
0.0
0.0
0.0
0.0
6.9506166e-07
0.0
0.0
0.0
0.0
0.0
0.0
0.0
0.0
0.0
-8.461452e-09
-7.844043e-07
3.414442e-05
0.0
0.0
0.0
2.0861853e-06
-3.008527e-07
4.11554e-07
0.0
4.3571154e-06
0.0
0.0
0.0
0.0
3.7809832e-07
0.0
5.4410713e-05
8.211658e-06
0.0
0.0
0.0
0.0
0.0
0.0
0.0
0.000113292386
0.0
0.0
2.5611595e-07
0.0
0.0
0.0
0.0
0.0
0.0
0.0
0.0
0.0
0.0
0.0
0.0
0.0
7.9663005e-05
0.0
0.0
-1.5878526e-07
0.0
0.0
3.930485e-08
0.0
0.0
-7.845916e-06
0.0
0.0
0.0
-2.8277263e-06
0.0
0.0
0.0
0.0
0.0
0.0
0.0
0.0
0.0
0.0
0.0
0.0
0.0
0.0
0.0
4.3652997e-07
0.0
0.0
0.0
0.0
0.0
0.0
0.0
0.0
0.0
0.0
-9.825956e-10
0.0
3.896508e-09
0.0
0.0
0.0
0.0
0.0
0.0
0.0
0.0011908874
-3.4324675e-08
4.0198472e-07
0.0
0.0
3.930504e-05
0.0
0.0
0.0
0.0
0.0
0.0
0.0
0.0
0.0
0.0
0.0
0.0
6.0885127e-06
0.0
0.0
1.6902689e-07
0.0
0.0
0.0
0.0
0.0
-1.9589038e-06
0.0
0.0
0.0
0.0
0.0
0.0
0.0
0.0
0.0
0.0
0.0
0.0
0.0
5.6975794e-05
-7.2001517e-06
-2.2851667e-07
2.5853804e-05
0.0
0.0
0.0
0.0
0.0
0.0
0.0
4.5985885e-06
0.0
0.0
0.0
0.0
0.0
0.0
0.0
0.0
8.9927745e-08
0.0
-2.6105892e-05
0.0
0.0
0.0
1.0584626e-05
0.0
0.0
-7.85401e-08
0.0
-1.3255081e-07
0.0
7.862429e-05
0.0
0.0
0.0
0.0
-6.8858685e-06
-4.3081927e-05
0.0
6.188207e-09
0.0
0.0
0.0
0.0
0.0
0.0
0.0
0.0
0.0
0.0
-1.3518488e-07
0.0
4.4444303e-05
-2.3725818e-06
0.0
6.0083363e-07
0.0
0.0
0.0
0.0
0.0
0.0
0.0
0.0
0.0
0.0
0.0
0.0
0.0
0.0
0.0
0.0
0.0
0.0
0.0
0.0
0.0
0.0
0.0
0.0
0.0
0.0
0.0
0.0
0.0
0.0
-1.207103e-07
0.0
0.0
0.0
0.00043141676
0.0
0.0
-1.1345008e-06
0.0
0.0
1.2600992e-07
0.0
0.0
0.0
1.28540005e-05
0.0
0.0
0.0
0.0
2.5040956e-06
0.0
2.3356543e-08
0.0
0.0
0.0
0.0
0.0
0.0
4.062465e-07
0.0
0.0
0.0
0.0
0.0
0.0
0.0
0.00012147658
8.820467e-10
0.0
-2.670227e-07
0.0
0.0
4.3512207e-09
0.0
0.0
0.0
0.0
0.0
0.0
1.945999e-06
0.0
1.0658525e-09
0.0
0.0
0.0
0.0
1.7197943e-05
0.0004130332
0.0
0.0
8.920604e-06
0.0
0.0
0.0
0.0
0.0
0.0
0.0
0.0
0.0
0.0
0.0
0.0
0.0
9.703218e-06
6.71458e-06
6.130117e-05
0.0
0.0
0.0
2.0773825e-09
0.0
0.0
-3.9691743e-09
1.0604821e-05
0.0
0.0
0.00017109356
0.00012210433
0.0
4.3620304e-05
0.0
0.0
0.0
0.0
0.0
0.0
-3.0893974e-09
0.0
0.0
0.0
0.0
0.0
0.0
0.0
0.0
0.0
0.0
0.0
0.0
0.0
0.0
2.7104614e-05
0.0
0.0
0.0
0.0
0.0
-4.693165e-07
0.0
0.0
0.0
0.0
0.0
0.0
0.0
0.0
0.0
0.0
0.0
0.0
4.312055e-07
0.0
0.0
0.0
0.0
0.0
0.0
0.0
0.0
0.0
0.0
0.0
0.0
0.0
0.0
0.0
8.81798e-08
0.0
0.0
0.0
0.0
0.0
0.0
7.4612694e-07
4.746525e-05
0.0
0.0
0.0
0.0
0.0
0.0
0.0
-1.14710165e-10
0.0
0.0
0.0
0.0
0.0
0.0
0.0
0.0
0.0
0.0
0.0
0.0
-1.408723e-09
-2.0203525e-07
-7.2582e-05
0.0
0.0
-1.0009394e-07
0.0
0.0
0.0
0.0
0.0
-9.190076e-06
0.0
0.0
2.3916317e-07
0.0
0.0
0.0
4.4350262e-08
0.0
0.0
0.0
0.0
0.0
0.0
0.0
-2.1311962e-08
0.0
0.0
0.0
0.0
0.0
0.0
0.0
2.6079997e-05
9.120295e-08
0.0
0.0
0.0
0.0
0.0
0.0
0.0
0.0
0.0
0.0
0.0
0.0
1.7406591e-06
0.00045226346
0.0
0.0
0.0
0.0
2.2341321e-06
0.0
0.0
0.0
0.0
0.0
0.0
0.0
-1.490477e-05
0.0
0.0
0.0
0.0
0.0
0.0
0.0
0.0
5.5231344e-06
0.0
0.0
0.0
0.0
0.0
0.0
0.0
0.0
0.0
0.0
6.916903e-08
0.0
0.0
0.0
3.135952e-09
0.0
0.0
0.0
0.0
0.0
0.0
2.8954073e-06
0.0
0.0
0.0
0.0
-7.234587e-05
0.0
1.8346471e-09
0.0
0.0
0.0
0.0
0.0
0.0
0.0
0.0
0.0
-9.970642e-08
0.0
0.0
9.090542e-08
0.0
-6.4768165e-06
0.0
-1.2571606e-06
0.0
0.0
0.0
0.0
0.0
-3.713243e-08
5.7535367e-06
0.0
0.0
0.0
0.0
0.0
0.0
1.1102623e-05
0.0
0.0
0.0
0.0
0.0
0.0
0.0
-3.0694757e-08
0.0
0.0
0.0
0.0
6.6068233e-06
2.7515277e-08
0.0
0.0
0.0
0.0
0.0
0.0
0.0033556358
1.1112014e-09
0.0
0.0
0.0
0.0
0.0
0.0
0.0
0.0
0.0
5.280783e-08
0.0
0.0
