1005.5266
43391.254
200.71858
197.83015
773.4953
431.2994
18.171736
-13.774303
1075.1575
0.3148828
0.2185893
-0.028356336
0.059685517
0.26998878
0.11332212
-0.058010533
0.023859205
0.077840604
0.022296906
1.7354617
0.75333035
0.08893677
-0.0017573116
-0.0021062205
0.006059691
0.00573098
0.0024899992
0.071304
0.0026358676
0.00021667525
-6.7971414e-05
2.1795804e-05
0.00010408547
0.0
0.006855426
0.0031609503
0.00060011854
0.00025005345
0.043959174
0.004161998
0.00060732313
0.0
0.0046300828
0.0
5.981035e-06
7.716672e-07
2.178742e-05
0.0016771542
0.0005384378
8.495738e-08
0.00095934677
-9.3764946e-05
5.6264666e-06
0.0
4.143693e-06
0.00040876074
0.0
2.5649399e-05
0.0027340571
4.149679e-05
0.00058758404
1.2811404e-05
3.8058024e-05
0.0010531142
5.0414466e-05
-6.745543e-07
0.0
3.634128e-05
-7.977051e-06
0.0
4.4007317e-07
2.787701e-05
0.0
4.4737364e-05
4.965998e-07
2.8503257e-06
8.9055386e-05
3.1782295e-06
1.3280478e-05
0.0
0.0003026366
0.00033419803
0.0
7.859442e-08
-0.00028090633
-2.1467396e-11
6.8949413e-10
0.000101813006
0.00020307377
0.0
1.1542268e-06
0.0
0.00028451512
5.564513e-05
2.5487871e-08
1.9996813e-09
-1.0635981e-05
0.0033801133
7.2900475e-05
0.0
0.0
-1.5161831e-05
-1.7444188e-07
0.0
4.6221245e-05
2.9438734e-05
2.0594449e-08
6.385295e-06
0.0007019114
3.9415418e-06
0.0
-1.1584697e-06
5.4967968e-05
8.879326e-09
0.0
0.0
4.7424905e-06
6.201166e-05
0.0
0.0
-2.1376925e-05
0.0
-1.9665437e-07
0.0008714026
1.5744968e-06
-1.8238572e-05
1.9369729e-07
0.0
0.0001285989
0.0
-6.331045e-07
0.00032674827
6.258805e-05
0.0001214949
-4.6174223e-06
0.00014974637
2.0146246e-05
0.0
8.7259366e-08
0.0
3.300904e-05
0.0
-3.044789e-06
0.0
0.0
0.0
0.0
0.002096928
-7.280803e-06
6.4568296e-05
3.226273e-05
5.8538058e-06
4.1362568e-05
0.0
3.2994355e-06
5.531129e-05
0.0
9.112713e-06
0.0
7.066883e-05
-4.792493e-07
3.8054914e-06
-1.0326285e-07
0.0
0.0
0.0
2.249014e-06
3.4494904e-06
0.0
0.0
-2.47461e-07
-9.1894043e-07
3.7145952e-07
0.0
0.0
0.0
0.0
-7.227676e-06
-8.314382e-06
0.0
0.0
-1.8321707e-07
0.0
-4.09945e-06
1.3885738e-05
0.0
0.00019099381
1.1724293e-07
9.174178e-05
0.0
0.0
1.148936e-06
0.0
0.0
0.00024268262
0.0
4.8984773e-05
3.861549e-08
-3.295789e-06
8.400337e-08
-6.0750224e-08
0.0
0.0
0.0
-3.5532824e-07
5.0820203e-05
9.658592e-08
1.6983645e-06
0.0
0.0
2.003946e-05
-4.7731864e-06
0.00049966236
0.00014129745
