-215.00513
16667.023
-2697.7402
-126.28711
-16058.237
-17582.93
-173167.16
462182.66
-135520.53
105508.59
34659.344
65219.0
46040.844
-77764.234
16377.422
4488.789
-450.60938
-7160.4375
-30499.488
3033.6328
16411.676
-8568.75
-22330.166
47886.03
22763.754
14592.199
-29275.074
21054.36
-3439.9883
-8614.699
12248.8125
-10047.955
395.36328
10111.506
7907.997
-1933.3516
-10952.762
2862.3828
-9335.706
-19989.203
5692.117
-6972.115
-3143.8555
8409.371
9996.945
16607.162
31983.438
-1083.4746
6909.09
8136.7773
-8505.686
4079.4702
-1906.9814
4380.549
3107.9614
-366.1223
1321.8645
-978.5266
-109.08179
935.79944
729.9746
440.39734
-172.61346
226.93665
90.3418
-193.91394
22.52246
-232.11981
-69.685425
-120.71588
208.24805
81.41214
-66.59796
295.49756
-0.7119751
-23.092834
-223.12473
55.18048
-169.3068
-14.359253
214.30399
160.10379
292.53552
-136.26196
66.95987
-118.2294
-17.606934
52.836273
183.85272
-55.581726
14.199936
-65.61432
-52.92737
135.97308
-96.49463
-2.0850525
-59.617157
-52.396423
23.600372
49.422394
-215.30481
103.75391
194.62209
39.871002
36.537643
44.72728
-55.55078
-71.232025
-45.431396
138.39995
56.434006
99.75344
-20.037476
17.090652
-68.37688
48.778168
-19.803146
68.874054
127.08945
35.72513
90.90704
-4.501465
-9.286179
39.82367
-1.6506653
86.148895
-135.15852
-23.6801
-75.91264
116.21971
-35.06006
-1.2507858
45.718384
4.6813736
-3.8784943
21.132477
2.172104
-13.382385
-15.521576
35.23938
-1.5883179
-35.510635
8.196243
-22.179138
-28.263107
-149.84314
41.128265
53.09217
13.254303
126.05046
-70.3665
115.666565
35.997543
-36.189255
115.18227
9.238525
166.39293
44.676605
47.16794
52.567352
-662.8335
-51.988495
-146.8884
-369.2893
1147.847
-11.774605
-282.521
-2152.4224
662.03906
-63.82831
-193.37534
-167.63245
452.49323
-535.25433
120.65564
-310.16418
-38.764282
6743.3335
-105.28699
-56.75952
-810.21814
282.67163
-2076.115
-1692.1309
-4739.875
7590.8633
-3450.4492
3053.8984
4200.627
14466.828
-2293.6074
-6006.7227
-5742.3223
1915.44
-15171.018
-596.22656
44838.562
-6148.383
20702.547
-415.78662
43.99524
94.9725
-439.28928
552.8828
1873.6259
3593.7625
283.4806
-849.8125
1222.8353
-525.33093
-728.0106
1719.325
-293.84863
